Layer:  1
0.6185173512183404
0.0
0.0
0.0
0.0

0.0
0.9428195948610177
0.0
0.0
0.0

0.0
0.0
0.6233491640311956
0.0
0.0

0.0
0.0
0.0
0.9928410107489416
0.0

0.0
0.0
0.0
0.0
0.3590717620742042


Layer:  2
0.44307613923840655
0.0
0.0
0.0
0.0

0.0
1.5010367943357883
0.0
0.0
0.0

0.0
0.0
0.5920815877430349
0.0
0.0

0.0
0.0
0.0
1.0002681996927232
0.0

0.0
0.0
0.0
0.0
0.0


Layer:  3
0.4415580352848883
0.0
0.0
0.0
0.0

0.0
0.05563955484881407
0.0
0.0
0.0

0.0
0.0
0.6474634427510307
0.0
0.0

0.0
0.0
0.0
0.788584500281276
0.0

0.0
0.0
0.0
0.0
1.511603710764582


Layer:  4
0.6472243866568425
0.0
0.0
0.0
0.0

0.0
1.1255047875902653
0.0
0.0
0.0

0.0
0.0
0.5867230194660867
0.0
0.0

0.0
0.0
0.0
0.8752845379592091
0.0

0.0
0.0
0.0
0.0
0.0


