72 1
92 1
266 1
297 1
39 2
154 2
248 2
66 3
79 3
99 3
7 4
31 4
37 4
45 4
53 4
86 4
140 4
142 4
213 4
215 4
224 4
225 4
250 4
263 4
292 4
48 5
194 5
102 6
123 6
124 6
188 6
269 6
271 6
274 6
4 7
10 7
61 7
72 7
83 7
98 7
138 7
193 7
240 7
270 7
40 8
145 8
166 8
182 8
58 9
108 9
133 9
136 9
296 9
297 9
7 10
37 10
46 10
60 10
61 10
72 10
75 10
82 10
86 10
98 10
100 10
106 10
140 10
169 10
183 10
193 10
206 10
246 10
250 10
253 10
255 10
272 10
288 10
41 11
129 11
136 11
150 11
168 11
35 12
36 12
58 12
60 12
67 12
73 12
111 12
150 12
168 12
182 12
202 12
245 12
296 12
297 12
56 13
57 13
91 13
268 13
192 14
221 14
227 14
273 14
284 14
286 14
291 14
26 15
128 15
41 16
25 17
38 17
121 17
171 17
184 17
230 17
266 17
58 18
85 18
136 18
152 18
105 19
188 19
199 19
258 19
60 20
122 20
298 20
36 21
67 21
136 21
154 21
168 21
180 21
209 21
226 21
31 22
93 22
106 22
215 22
294 22
56 23
100 23
125 23
181 23
190 23
233 23
248 23
292 23
126 24
135 24
232 24
278 24
17 25
35 25
58 25
101 25
141 25
182 25
216 25
235 25
15 26
58 26
118 26
154 26
163 26
204 26
54 27
95 27
186 27
208 27
222 27
252 27
283 27
52 28
130 28
183 28
251 28
104 29
128 29
143 29
144 29
157 29
188 29
229 29
262 29
269 29
61 30
247 30
268 30
4 31
22 31
44 31
61 31
68 31
72 31
86 31
103 31
107 31
292 31
294 31
65 32
78 32
116 32
164 32
187 32
248 32
92 33
136 33
161 33
99 34
147 34
185 34
207 34
244 34
12 35
25 35
73 35
122 35
141 35
296 35
12 36
21 36
58 36
108 36
154 36
209 36
243 36
4 37
10 37
83 37
103 37
263 37
17 38
73 38
122 38
133 38
136 38
2 39
95 39
125 39
8 40
79 40
172 40
257 40
268 40
11 41
16 41
62 41
108 41
133 41
141 41
230 41
293 41
114 42
188 42
256 42
116 43
119 43
127 43
135 43
186 43
277 43
279 43
31 44
61 44
193 44
211 44
215 44
225 44
250 44
288 44
4 45
130 45
173 45
292 45
10 46
107 46
215 46
240 46
294 46
102 47
105 47
114 47
128 47
188 47
229 47
242 47
269 47
271 47
5 48
86 48
138 48
140 48
182 48
254 48
92 49
109 49
161 49
191 49
97 50
100 50
159 51
28 52
86 52
4 53
61 53
142 53
189 53
213 53
247 53
292 53
27 54
148 54
232 54
283 54
73 55
108 55
136 55
141 55
168 55
171 55
216 55
293 55
13 56
23 56
80 56
172 56
203 56
277 56
13 57
119 57
137 57
159 57
181 57
268 57
277 57
9 58
12 58
18 58
25 58
26 58
36 58
92 58
109 58
136 58
196 58
209 58
86 59
240 59
241 59
246 59
10 60
12 60
20 60
116 60
183 60
254 60
7 61
10 61
30 61
31 61
44 61
53 61
83 61
103 61
106 61
240 61
241 61
253 61
288 61
292 61
300 61
41 62
136 62
87 63
129 63
286 63
291 63
93 64
183 64
268 64
32 65
100 65
116 65
186 65
3 66
69 66
77 66
100 66
134 66
135 66
137 66
177 66
179 66
186 66
218 66
239 66
257 66
268 66
12 67
21 67
70 67
149 67
216 67
31 68
142 68
183 68
66 69
77 69
155 69
165 69
231 69
252 69
67 70
118 70
162 70
146 71
197 71
212 71
221 71
291 71
1 72
7 72
10 72
31 72
138 72
140 72
12 73
35 73
38 73
55 73
76 73
111 73
154 73
163 73
229 73
88 74
91 74
110 74
145 74
183 74
203 74
222 74
239 74
264 74
10 75
253 75
285 75
73 76
121 76
210 76
261 76
275 76
280 76
66 77
69 77
79 77
99 77
118 77
172 77
183 77
218 77
256 77
278 77
32 78
210 78
3 79
40 79
77 79
203 79
56 80
151 80
218 80
102 81
144 81
229 81
256 81
10 82
105 82
281 82
7 83
37 83
61 83
94 83
107 83
193 83
270 83
147 84
214 84
291 84
18 85
92 85
150 85
168 85
249 85
295 85
4 86
10 86
31 86
48 86
52 86
59 86
90 86
98 86
107 86
193 86
194 86
211 86
215 86
225 86
241 86
250 86
263 86
294 86
296 86
63 87
291 87
74 88
125 88
265 88
96 89
129 89
146 89
202 89
212 89
234 89
86 90
107 90
13 91
74 91
186 91
268 91
296 91
1 92
33 92
49 92
58 92
85 92
118 92
154 92
176 92
217 92
291 92
22 93
64 93
106 93
140 93
254 93
294 93
83 94
127 94
211 94
270 94
27 95
39 95
195 95
233 95
278 95
89 96
129 96
244 96
291 96
50 97
115 97
125 97
127 97
135 97
170 97
233 97
264 97
265 97
283 97
7 98
10 98
86 98
169 98
3 99
34 99
77 99
110 99
113 99
187 99
10 100
23 100
50 100
65 100
66 100
125 100
132 100
167 100
211 100
257 100
260 100
25 101
111 101
163 101
176 101
297 101
6 102
47 102
81 102
105 102
114 102
123 102
124 102
128 102
143 102
188 102
198 102
200 102
229 102
256 102
269 102
271 102
274 102
298 102
31 103
37 103
61 103
142 103
292 103
294 103
29 104
227 104
259 104
299 104
19 105
47 105
82 105
102 105
269 105
10 106
22 106
61 106
93 106
173 106
193 106
194 106
215 106
240 106
241 106
246 106
263 106
292 106
31 107
46 107
83 107
86 107
90 107
193 107
215 107
250 107
262 107
300 107
9 108
36 108
41 108
55 108
161 108
196 108
245 108
261 108
49 109
58 109
122 109
131 109
295 109
74 110
99 110
12 111
73 111
101 111
180 111
217 111
297 111
220 112
231 112
99 113
125 113
190 113
208 113
42 114
47 114
102 114
123 114
144 114
156 114
198 114
256 114
269 114
274 114
298 114
97 115
232 115
265 115
32 116
43 116
60 116
65 116
139 116
160 116
136 117
154 117
204 117
216 117
26 118
70 118
77 118
92 118
163 118
266 118
43 119
57 119
232 119
233 119
256 119
122 120
239 120
17 121
76 121
154 121
219 121
268 121
296 121
20 122
35 122
38 122
109 122
120 122
150 122
230 122
6 123
102 123
114 123
128 123
139 123
188 123
199 123
229 123
274 123
6 124
102 124
139 124
144 124
200 124
256 124
23 125
39 125
88 125
97 125
100 125
113 125
127 125
155 125
166 125
195 125
207 125
210 125
260 125
268 125
24 126
159 126
222 126
231 126
43 127
94 127
97 127
125 127
151 127
222 127
15 128
29 128
47 128
102 128
123 128
139 128
156 128
188 128
229 128
256 128
262 128
269 128
271 128
274 128
11 129
63 129
89 129
96 129
185 129
214 129
221 129
28 130
45 130
138 130
149 130
169 130
225 130
109 131
297 131
100 132
187 132
195 132
197 132
9 133
38 133
41 133
294 133
66 134
24 135
43 135
66 135
97 135
165 135
186 135
237 135
9 136
11 136
18 136
21 136
33 136
38 136
55 136
58 136
62 136
117 136
196 136
219 136
261 136
57 137
66 137
140 137
186 137
203 137
7 138
48 138
72 138
130 138
272 138
292 138
116 139
123 139
124 139
128 139
143 139
188 139
199 139
229 139
256 139
4 140
10 140
48 140
72 140
93 140
137 140
292 140
25 141
35 141
41 141
55 141
150 141
154 141
249 141
275 141
280 141
296 141
4 142
53 142
68 142
103 142
178 142
213 142
250 142
288 142
292 142
29 143
102 143
139 143
200 143
229 143
290 143
29 144
81 144
114 144
124 144
198 144
205 144
229 144
256 144
258 144
269 144
8 145
74 145
160 145
172 145
233 145
282 145
71 146
89 146
221 146
34 147
84 147
227 147
296 147
54 148
166 148
268 148
67 149
130 149
11 150
12 150
85 150
122 150
141 150
169 150
182 150
184 150
196 150
275 150
80 151
127 151
190 151
210 151
282 151
18 152
196 152
203 152
280 152
291 153
2 154
21 154
26 154
36 154
73 154
92 154
117 154
121 154
141 154
213 154
217 154
249 154
280 154
296 154
69 155
125 155
114 156
128 156
188 156
256 156
29 157
256 157
51 159
57 159
126 159
166 159
186 159
276 159
116 160
145 160
33 161
49 161
108 161
70 162
168 162
216 162
26 163
73 163
101 163
118 163
182 163
196 163
209 163
219 163
238 163
243 163
261 163
266 163
289 163
297 163
32 164
279 164
69 165
135 165
184 165
232 165
252 165
8 166
125 166
148 166
159 166
248 166
264 166
276 166
100 167
287 167
11 168
12 168
21 168
55 168
85 168
162 168
175 168
196 168
243 168
10 169
98 169
130 169
150 169
292 169
97 170
227 170
234 170
244 170
17 171
55 171
40 172
56 172
77 172
145 172
237 172
239 172
265 172
45 173
106 173
215 173
225 173
188 174
229 174
242 174
297 174
168 175
209 175
92 176
101 176
66 177
142 178
66 179
278 179
21 180
111 180
217 180
243 180
23 181
57 181
8 182
12 182
25 182
48 182
150 182
163 182
10 183
28 183
60 183
64 183
68 183
74 183
77 183
215 183
224 183
246 183
272 183
292 183
17 184
150 184
165 184
191 184
252 184
34 185
129 185
214 185
221 185
299 185
27 186
43 186
65 186
66 186
91 186
135 186
137 186
159 186
208 186
211 186
237 186
248 186
260 186
287 186
32 187
99 187
132 187
220 187
264 187
6 188
19 188
29 188
42 188
47 188
102 188
123 188
128 188
139 188
156 188
174 188
205 188
229 188
271 188
274 188
53 189
23 190
113 190
151 190
282 190
49 191
184 191
217 191
249 191
14 192
7 193
10 193
44 193
83 193
86 193
106 193
107 193
224 193
250 193
5 194
86 194
106 194
277 194
292 194
95 195
125 195
132 195
210 195
236 195
257 195
260 195
264 195
277 195
58 196
108 196
136 196
150 196
152 196
163 196
168 196
209 196
217 196
235 196
261 196
71 197
132 197
221 197
244 197
291 197
102 198
114 198
144 198
205 198
229 198
262 198
274 198
298 198
19 199
123 199
139 199
229 199
242 199
102 200
124 200
143 200
229 200
256 200
298 200
245 201
12 202
89 202
56 203
74 203
79 203
137 203
152 203
26 204
117 204
261 204
280 204
297 204
144 205
188 205
198 205
229 205
256 205
10 206
215 206
34 207
125 207
214 207
227 207
234 207
284 207
291 207
297 207
299 207
27 208
113 208
186 208
210 208
21 209
36 209
58 209
163 209
175 209
196 209
76 210
78 210
125 210
151 210
195 210
208 210
276 210
44 211
86 211
94 211
100 211
186 211
240 211
253 211
270 211
71 212
89 212
227 212
244 212
291 212
4 213
53 213
142 213
154 213
215 213
224 213
225 213
84 214
129 214
185 214
207 214
223 214
227 214
238 214
4 215
22 215
44 215
46 215
86 215
106 215
107 215
173 215
183 215
206 215
213 215
224 215
240 215
246 215
263 215
288 215
292 215
25 216
55 216
67 216
117 216
162 216
217 216
243 216
266 216
92 217
111 217
154 217
180 217
191 217
196 217
216 217
66 218
77 218
80 218
239 218
264 218
268 218
278 218
287 218
121 219
136 219
163 219
112 220
187 220
14 221
71 221
129 221
146 221
185 221
197 221
27 222
74 222
126 222
127 222
214 223
4 224
183 224
193 224
213 224
215 224
251 224
258 224
285 224
4 225
44 225
86 225
130 225
173 225
213 225
229 225
21 226
14 227
104 227
147 227
170 227
207 227
212 227
214 227
238 227
286 227
291 227
299 227
231 228
283 228
29 229
47 229
73 229
81 229
102 229
123 229
128 229
139 229
143 229
144 229
174 229
188 229
198 229
199 229
200 229
205 229
225 229
256 229
258 229
262 229
269 229
274 229
298 229
17 230
41 230
122 230
266 230
69 231
112 231
126 231
228 231
24 232
54 232
115 232
119 232
165 232
23 233
95 233
97 233
119 233
145 233
261 233
89 234
170 234
207 234
286 234
25 235
196 235
297 235
195 236
135 237
172 237
186 237
163 238
214 238
227 238
259 238
66 239
74 239
120 239
172 239
218 239
248 239
7 240
46 240
59 240
61 240
106 240
211 240
215 240
292 240
59 241
61 241
86 241
106 241
47 242
174 242
199 242
36 243
163 243
168 243
180 243
216 243
261 243
280 243
34 244
96 244
170 244
197 244
212 244
291 244
12 245
108 245
201 245
10 246
59 246
106 246
183 246
215 246
267 246
272 246
292 246
30 247
53 247
272 247
288 247
292 247
2 248
23 248
32 248
166 248
186 248
239 248
252 248
85 249
141 249
154 249
191 249
4 250
10 250
44 250
86 250
107 250
142 250
193 250
288 250
28 251
224 251
27 252
69 252
165 252
184 252
248 252
260 252
10 253
61 253
75 253
211 253
48 254
60 254
93 254
10 255
42 256
77 256
81 256
102 256
114 256
119 256
124 256
128 256
139 256
144 256
156 256
157 256
200 256
205 256
229 256
258 256
262 256
269 256
274 256
40 257
66 257
100 257
195 257
260 257
282 257
19 258
144 258
224 258
229 258
256 258
104 259
238 259
100 260
125 260
186 260
195 260
252 260
257 260
265 260
278 260
282 260
76 261
108 261
136 261
163 261
196 261
204 261
233 261
243 261
266 261
29 262
107 262
128 262
198 262
229 262
256 262
274 262
4 263
37 263
86 263
106 263
215 263
74 264
97 264
166 264
187 264
195 264
218 264
282 264
88 265
97 265
115 265
172 265
260 265
268 265
277 265
1 266
17 266
118 266
163 266
216 266
230 266
261 266
246 267
292 267
294 267
13 268
30 268
40 268
57 268
64 268
66 268
91 268
121 268
125 268
148 268
218 268
265 268
277 268
282 268
6 269
29 269
47 269
102 269
105 269
114 269
128 269
144 269
229 269
256 269
290 269
7 270
83 270
94 270
211 270
6 271
47 271
102 271
128 271
188 271
10 272
138 272
183 272
246 272
247 272
278 272
14 273
291 273
6 274
102 274
114 274
123 274
128 274
188 274
198 274
229 274
256 274
262 274
76 275
141 275
150 275
295 275
159 276
166 276
210 276
43 277
56 277
57 277
194 277
195 277
265 277
268 277
24 278
77 278
95 278
179 278
218 278
260 278
272 278
293 278
43 279
164 279
283 279
76 280
141 280
152 280
154 280
204 280
243 280
82 281
145 282
151 282
190 282
257 282
260 282
264 282
268 282
27 283
54 283
97 283
228 283
279 283
14 284
207 284
75 285
224 285
14 286
63 286
227 286
234 286
167 287
186 287
218 287
10 288
44 288
61 288
142 288
215 288
247 288
250 288
163 289
143 290
269 290
14 291
63 291
71 291
84 291
87 291
92 291
96 291
153 291
197 291
207 291
212 291
227 291
244 291
273 291
4 292
23 292
31 292
45 292
53 292
61 292
103 292
106 292
138 292
140 292
142 292
169 292
183 292
194 292
215 292
240 292
246 292
247 292
267 292
294 292
41 293
55 293
278 293
22 294
31 294
46 294
86 294
93 294
103 294
133 294
267 294
292 294
85 295
109 295
275 295
9 296
12 296
35 296
86 296
91 296
121 296
141 296
147 296
154 296
1 297
9 297
12 297
101 297
111 297
131 297
163 297
174 297
204 297
207 297
235 297
20 298
102 298
114 298
198 298
200 298
229 298
104 299
185 299
207 299
227 299
61 300
107 300
67 1
118 1
11 2
92 2
133 2
150 2
223 2
261 2
119 3
147 3
181 3
276 3
117 4
170 4
191 4
251 4
267 4
285 4
10 5
215 5
251 5
272 5
285 5
127 6
156 6
202 6
205 6
229 6
245 6
57 7
80 7
130 7
142 7
285 7
112 8
105 9
5 10
71 10
178 10
2 11
21 11
26 11
82 11
118 11
163 11
213 11
219 11
265 11
285 11
295 11
92 12
152 12
280 12
153 13
164 13
257 13
293 13
34 14
105 14
146 14
184 14
38 15
126 15
176 15
230 15
92 16
120 16
261 16
18 17
20 17
21 17
26 17
118 17
120 17
131 17
168 17
182 17
196 17
252 17
261 17
17 18
26 18
39 18
49 18
67 18
118 18
155 19
174 19
242 19
271 19
17 20
21 20
31 20
85 20
92 20
126 20
133 20
150 20
152 20
168 20
226 20
230 20
244 20
246 20
265 20
11 21
17 21
20 21
26 21
35 21
38 21
48 21
82 21
85 21
92 21
96 21
101 21
109 21
118 21
141 21
152 21
162 21
164 21
182 21
201 21
216 21
219 21
234 21
249 21
295 21
299 21
46 22
61 22
225 22
270 22
292 22
78 23
79 23
236 23
263 23
298 23
167 24
248 24
152 25
176 25
219 25
11 26
17 26
18 26
21 26
67 26
92 26
120 26
150 26
174 26
180 26
281 26
91 27
164 27
227 27
236 27
258 27
45 28
75 28
170 28
173 28
193 28
272 28
81 29
124 29
174 29
202 29
268 29
66 30
69 30
116 30
132 30
170 30
232 30
283 30
20 31
85 31
249 31
104 32
154 32
184 32
287 32
45 33
118 33
14 34
129 34
184 34
192 34
259 34
21 35
101 35
150 35
161 35
162 35
217 35
91 36
118 36
133 36
150 36
216 36
257 36
48 37
142 37
170 37
225 37
15 38
21 38
82 38
150 38
183 38
265 38
18 39
101 39
170 39
266 39
280 39
151 40
283 40
136 41
161 41
96 42
129 42
146 42
207 42
234 42
245 42
289 42
65 44
71 44
75 44
285 44
28 45
33 45
134 45
193 45
285 45
22 46
65 47
70 47
81 47
127 47
198 47
200 47
21 48
37 48
53 48
61 48
71 48
75 48
83 48
98 48
103 48
130 48
145 48
171 48
173 48
178 48
189 48
193 48
213 48
224 48
235 48
251 48
253 48
272 48
285 48
299 48
18 49
132 50
158 50
268 50
279 50
283 50
54 51
58 51
66 51
97 51
145 51
164 51
195 51
218 51
260 51
287 51
83 52
168 52
178 52
250 52
254 52
280 52
48 53
75 53
159 53
51 54
110 54
149 54
160 54
186 54
126 55
275 55
160 56
166 56
227 56
7 57
218 57
220 57
236 57
241 57
51 58
69 58
95 58
116 58
153 58
166 58
241 58
260 58
83 59
170 59
189 59
194 59
272 59
69 60
95 60
97 60
278 60
22 61
48 61
75 61
251 61
116 62
147 62
151 62
220 62
260 62
269 62
283 62
96 63
105 63
109 63
207 63
274 63
164 64
240 64
278 64
44 65
47 65
75 65
103 65
170 65
292 65
30 66
51 66
164 66
178 66
260 66
1 67
18 67
26 67
85 67
101 67
176 67
179 67
191 67
212 67
171 68
250 68
292 68
30 69
58 69
60 69
79 69
90 69
137 69
257 69
47 70
139 70
198 70
229 70
10 71
44 71
48 71
173 71
193 71
255 71
75 72
224 72
270 73
132 74
164 74
28 75
44 75
48 75
53 75
61 75
65 75
72 75
134 75
171 75
173 75
178 75
193 75
215 75
224 75
272 75
105 76
175 76
214 76
229 76
284 76
98 77
147 77
148 77
222 77
264 77
276 77
23 78
79 78
218 78
23 79
69 79
78 79
95 79
100 79
151 79
160 79
188 79
218 79
7 80
88 80
113 80
121 80
222 80
228 80
233 80
276 80
279 80
29 81
47 81
143 81
188 81
198 81
11 82
21 82
38 82
85 82
149 82
152 82
196 82
201 82
204 82
259 82
297 82
48 83
52 83
59 83
173 83
87 84
129 84
192 84
234 84
238 84
20 85
21 85
31 85
67 85
82 85
120 85
136 85
159 85
162 85
170 85
205 86
262 86
269 86
84 87
125 87
178 87
192 87
80 88
97 88
104 88
112 88
218 88
227 88
192 89
69 90
126 90
141 90
210 90
27 91
36 91
99 91
116 91
291 91
2 92
12 92
16 92
20 92
21 92
26 92
105 92
152 92
183 92
191 92
209 92
219 92
252 92
266 92
281 92
293 92
296 92
204 93
292 93
101 94
152 94
259 94
58 95
60 95
79 95
99 95
151 95
153 95
181 95
220 95
263 95
276 95
298 95
21 96
42 96
63 96
105 96
192 96
221 96
51 97
60 97
88 97
237 97
48 98
77 98
171 98
247 98
285 98
91 99
95 99
147 99
260 99
283 99
79 100
164 100
181 100
268 100
21 101
35 101
39 101
67 101
94 101
152 101
204 101
219 101
266 101
293 101
295 101
139 102
174 102
202 102
218 102
288 102
290 102
48 103
65 103
193 103
212 103
235 103
300 103
32 104
88 104
116 104
279 104
287 104
9 105
14 105
63 105
76 105
92 105
96 105
125 105
146 105
175 105
184 105
221 105
245 105
259 105
273 105
274 105
284 105
286 105
120 107
152 107
232 108
260 108
21 109
63 109
54 110
152 110
186 110
152 111
168 111
252 111
265 111
8 112
88 112
151 112
166 112
179 112
218 112
80 113
157 113
282 113
202 114
271 114
288 114
151 115
153 115
222 115
260 115
30 116
58 116
62 116
91 116
104 116
143 116
147 116
149 116
218 116
276 116
291 116
4 117
251 117
285 117
1 118
11 118
17 118
18 118
21 118
33 118
36 118
126 118
136 118
161 118
168 118
219 118
223 118
293 118
3 119
160 119
287 119
16 120
17 120
26 120
85 120
107 120
152 120
168 120
223 120
245 120
261 120
295 120
297 120
80 121
168 122
176 122
201 122
165 123
288 123
290 123
29 124
127 124
156 124
300 124
87 125
105 125
192 125
234 125
15 126
20 126
55 126
90 126
118 126
260 126
265 126
6 127
47 127
124 127
143 127
188 127
298 127
202 128
288 128
34 129
42 129
84 129
234 129
273 129
7 130
48 130
189 130
240 130
17 131
150 131
152 131
30 132
50 132
74 132
231 132
2 133
20 133
36 133
282 133
45 134
75 134
172 134
235 134
247 134
181 135
282 135
41 136
85 136
118 136
163 136
180 136
226 136
295 136
69 137
153 137
160 137
218 137
239 137
282 137
140 138
250 138
70 139
102 139
165 139
298 139
138 140
173 140
285 140
21 141
90 141
204 141
7 142
37 142
220 142
247 142
294 142
300 142
81 143
116 143
127 143
202 143
156 144
48 145
51 145
147 145
257 145
276 145
14 146
42 146
105 146
175 146
184 146
192 146
234 146
238 146
245 146
3 147
62 147
77 147
99 147
116 147
145 147
167 147
195 147
218 147
222 147
226 147
228 147
236 147
257 147
260 147
264 147
268 147
77 148
159 148
172 148
186 148
54 149
82 149
116 149
158 149
248 149
260 149
276 149
283 149
2 150
20 150
26 150
35 150
36 150
38 150
131 150
163 150
176 150
266 150
40 151
62 151
79 151
95 151
112 151
115 151
218 151
276 151
12 152
20 152
21 152
25 152
82 152
92 152
94 152
101 152
107 152
110 152
111 152
120 152
131 152
168 152
219 152
243 152
265 152
293 152
297 152
13 153
58 153
95 153
115 153
137 153
164 153
195 153
236 153
239 153
264 153
268 153
277 153
278 153
283 153
287 153
32 154
166 154
172 154
186 154
236 154
19 155
174 155
188 155
258 155
280 155
6 156
124 156
144 156
202 156
205 156
224 156
113 157
202 157
50 158
149 158
218 158
264 158
53 159
85 159
148 159
226 159
231 159
278 159
54 160
56 160
79 160
119 160
137 160
35 161
41 161
118 161
21 162
35 162
85 162
204 162
11 163
136 163
150 163
217 163
218 163
13 164
21 164
27 164
51 164
64 164
66 164
74 164
100 164
153 164
174 164
179 164
190 164
218 164
236 164
239 164
244 164
257 164
263 164
264 164
271 164
278 164
123 165
139 165
193 165
198 165
56 166
58 166
112 166
154 166
257 166
24 167
147 167
17 168
20 168
52 168
111 168
118 168
120 168
122 168
152 168
180 168
201 168
217 168
280 168
170 169
212 169
267 169
4 170
28 170
30 170
37 170
39 170
59 170
65 170
85 170
169 170
173 170
213 170
285 170
48 171
68 171
75 171
98 171
186 171
213 171
215 171
134 172
148 172
154 172
218 172
28 173
48 173
71 173
75 173
83 173
140 173
170 173
178 173
189 173
206 173
212 173
224 173
250 173
251 173
19 174
26 174
29 174
102 174
155 174
164 174
198 174
202 174
205 174
258 174
271 174
76 175
105 175
146 175
214 175
245 175
15 176
25 176
67 176
122 176
150 176
257 177
10 178
48 178
52 178
66 178
75 178
87 178
173 178
206 178
240 178
246 178
247 178
254 178
67 179
112 179
164 179
186 179
26 180
136 180
168 180
283 180
3 181
95 181
100 181
135 181
227 181
236 181
283 181
17 182
21 182
38 183
92 183
293 183
297 183
14 184
32 184
34 184
105 184
146 184
185 184
235 184
259 184
184 185
245 185
260 185
289 185
54 186
110 186
148 186
154 186
171 186
179 186
239 187
79 188
81 188
127 188
155 188
219 188
48 189
59 189
130 189
173 189
164 190
233 190
236 190
268 190
4 191
67 191
92 191
34 192
84 192
87 192
89 192
96 192
125 192
146 192
197 192
244 192
245 192
274 192
286 192
289 192
28 193
45 193
48 193
71 193
75 193
103 193
165 193
213 193
225 193
251 193
265 193
59 194
215 194
51 195
147 195
153 195
203 195
17 196
82 196
223 196
293 196
192 197
47 198
70 198
81 198
165 198
174 198
202 198
238 199
256 199
47 200
21 201
82 201
122 201
168 201
6 202
29 202
102 202
114 202
128 202
143 202
156 202
157 202
174 202
198 202
229 202
195 203
211 203
218 203
222 203
82 204
93 204
101 204
141 204
162 204
6 205
86 205
156 205
174 205
173 206
178 206
219 206
42 207
63 207
218 208
257 208
279 208
92 209
270 209
90 210
203 211
218 211
67 212
103 212
169 212
173 212
246 212
272 212
11 213
48 213
170 213
171 213
193 213
76 214
175 214
245 214
259 214
5 215
75 215
171 215
194 215
21 216
36 216
35 217
163 217
168 217
51 218
57 218
78 218
79 218
88 218
102 218
112 218
116 218
137 218
147 218
151 218
158 218
163 218
164 218
172 218
203 218
208 218
211 218
220 218
248 218
11 219
21 219
25 219
92 219
101 219
118 219
152 219
188 219
206 219
57 220
62 220
95 220
142 220
218 220
276 220
96 221
105 221
245 221
77 222
80 222
115 222
147 222
203 222
278 222
2 223
118 223
120 223
196 223
48 224
72 224
75 224
156 224
173 224
235 224
250 224
22 225
37 225
193 225
254 225
20 226
136 226
147 226
159 226
27 227
56 227
88 227
181 227
236 227
244 227
282 227
80 228
147 228
251 228
260 228
6 229
70 229
76 229
202 229
257 229
271 229
15 230
20 230
132 231
159 231
283 231
30 232
108 232
287 232
80 233
190 233
236 233
276 233
21 234
42 234
84 234
125 234
129 234
146 234
273 234
284 234
48 235
103 235
134 235
184 235
224 235
255 235
294 235
23 236
27 236
57 236
147 236
153 236
154 236
164 236
181 236
190 236
227 236
233 236
239 236
244 236
257 236
276 236
277 236
282 236
287 236
97 237
276 237
84 238
146 238
199 238
245 238
137 239
153 239
164 239
187 239
236 239
257 239
64 240
130 240
178 240
57 241
58 241
282 241
19 242
269 242
152 243
20 244
164 244
192 244
227 244
236 244
6 245
42 245
105 245
120 245
146 245
175 245
185 245
192 245
214 245
221 245
238 245
252 245
259 245
274 245
284 245
286 245
20 246
178 246
212 246
98 247
134 247
142 247
178 247
251 247
24 248
149 248
218 248
263 248
21 249
31 249
252 249
52 250
68 250
138 250
173 250
224 250
257 250
4 251
5 251
48 251
61 251
117 251
173 251
193 251
228 251
247 251
17 252
92 252
111 252
245 252
249 252
48 253
255 253
292 253
52 254
178 254
225 254
71 255
235 255
253 255
199 256
13 257
36 257
69 257
145 257
147 257
164 257
166 257
177 257
208 257
229 257
236 257
239 257
250 257
27 258
155 258
174 258
34 259
82 259
94 259
105 259
184 259
214 259
245 259
51 260
58 260
62 260
66 260
99 260
108 260
115 260
126 260
147 260
149 260
185 260
228 260
264 260
276 260
283 260
2 261
16 261
17 261
120 261
280 261
86 262
288 262
23 263
95 263
164 263
248 263
77 264
147 264
153 264
158 264
164 264
260 264
284 264
11 265
20 265
38 265
111 265
126 265
152 265
193 265
39 266
92 266
101 266
150 266
4 267
169 267
29 268
50 268
100 268
147 268
153 268
190 268
62 269
86 269
242 269
22 270
73 270
209 270
280 270
19 271
114 271
164 271
174 271
229 271
291 271
5 272
28 272
48 272
59 272
75 272
212 272
105 273
129 273
234 273
63 274
105 274
192 274
245 274
55 275
3 276
77 276
80 276
95 276
116 276
145 276
149 276
151 276
220 276
233 276
236 276
237 276
260 276
291 276
153 277
236 277
60 278
64 278
153 278
159 278
164 278
222 278
50 279
80 279
104 279
208 279
12 280
39 280
52 280
155 280
168 280
261 280
270 280
299 280
26 281
92 281
113 282
133 282
135 282
137 282
227 282
236 282
241 282
30 283
40 283
50 283
62 283
99 283
149 283
153 283
180 283
181 283
231 283
260 283
76 284
105 284
234 284
245 284
264 284
286 284
4 285
5 285
7 285
11 285
44 285
45 285
48 285
98 285
117 285
140 285
170 285
105 286
192 286
245 286
284 286
32 287
51 287
104 287
119 287
153 287
232 287
236 287
102 288
114 288
123 288
128 288
262 288
290 288
42 289
185 289
192 289
102 290
123 290
288 290
91 291
116 291
271 291
276 291
22 292
65 292
68 292
93 292
253 292
13 293
92 293
101 293
118 293
152 293
183 293
196 293
142 294
235 294
11 295
21 295
101 295
120 295
136 295
92 296
82 297
120 297
152 297
183 297
23 298
95 298
127 298
139 298
21 299
48 299
280 299
103 300
124 300
142 300
2 1
55 1
76 1
122 1
141 1
181 1
281 1
299 1
1 2
20 2
49 2
73 2
76 2
82 2
107 2
51 3
64 3
135 3
179 3
210 3
218 3
245 3
59 4
134 4
300 4
28 5
53 5
240 5
39 6
57 6
86 6
277 6
287 6
215 7
225 7
250 7
265 7
50 8
51 8
135 8
148 8
160 8
165 8
187 8
222 8
227 8
66 9
84 9
89 9
207 9
259 9
269 9
291 9
22 10
44 10
189 10
215 10
71 11
89 11
108 11
132 11
133 11
154 11
176 11
71 12
197 12
291 12
51 13
139 13
73 14
102 14
152 14
162 14
223 14
121 15
20 16
55 16
91 16
131 16
249 16
223 17
235 17
24 18
48 18
122 18
133 18
163 18
47 19
114 19
139 19
143 19
144 19
205 19
274 19
298 19
2 20
16 20
38 20
49 20
102 20
120 20
121 20
167 20
213 20
281 20
283 20
299 20
133 21
10 22
69 22
75 22
251 22
263 22
267 22
300 22
32 23
43 23
86 23
99 23
160 23
165 23
186 23
218 23
228 23
279 23
18 24
62 24
133 25
204 25
226 25
230 25
280 25
293 25
295 25
39 27
40 27
88 27
228 27
5 28
51 28
101 28
134 28
263 28
286 28
292 28
219 29
51 30
252 30
287 30
150 31
154 31
281 31
297 31
23 32
57 32
100 32
179 32
35 33
55 33
163 33
182 33
281 33
89 34
97 34
270 34
33 35
41 35
90 35
102 35
107 35
180 35
196 35
201 35
230 35
254 35
49 36
120 36
136 36
219 36
275 36
267 37
20 38
120 38
219 38
266 38
275 38
281 38
297 38
6 39
27 39
228 39
236 39
27 40
167 40
278 40
35 41
85 41
226 41
87 42
153 42
291 42
292 42
23 43
282 43
10 44
45 44
286 44
44 45
72 45
93 45
106 45
145 45
246 45
61 46
65 46
173 46
265 46
272 46
19 47
157 47
256 47
18 48
2 49
20 49
36 49
176 49
8 50
57 50
77 50
95 50
126 50
244 50
3 51
8 51
13 51
28 51
30 51
56 51
94 51
135 51
148 51
172 51
190 51
210 51
220 51
227 51
241 51
258 51
291 51
106 52
201 52
263 52
5 53
68 53
193 53
265 53
210 54
228 54
1 55
16 55
33 55
133 55
150 55
182 55
226 55
249 55
263 55
283 55
51 56
57 56
86 56
115 56
132 56
148 56
212 56
218 56
244 56
260 56
6 57
32 57
50 57
56 57
91 57
126 57
135 57
162 57
228 57
233 57
278 57
148 58
220 58
236 58
4 59
66 60
71 60
202 60
270 60
289 60
46 61
101 61
24 62
67 62
131 62
230 62
84 63
147 63
270 63
3 64
86 64
135 64
166 64
167 64
181 64
46 65
206 65
215 65
290 65
9 66
60 66
62 67
73 67
102 67
217 67
293 67
297 67
53 68
69 68
75 68
93 68
285 68
22 69
68 69
72 69
194 69
263 69
108 70
133 70
243 70
11 71
12 71
60 71
87 71
147 71
202 71
259 71
45 72
69 72
83 72
93 72
101 72
169 72
246 72
254 72
263 72
2 73
14 73
67 73
122 73
133 73
149 73
176 73
182 73
243 73
268 73
210 74
22 75
68 75
94 75
169 75
225 75
263 75
294 75
1 76
2 76
107 76
141 76
155 76
50 77
181 77
227 77
124 78
144 78
156 78
157 78
174 78
198 78
199 78
256 78
269 78
272 78
290 78
99 79
110 80
135 80
148 80
155 81
156 81
174 81
199 81
2 82
133 82
219 82
72 83
106 83
117 83
129 83
189 83
211 83
225 83
252 83
285 83
9 84
63 84
41 85
108 85
133 85
154 85
223 85
226 85
299 85
6 86
23 86
56 86
64 86
135 86
145 86
187 86
218 86
231 86
268 86
42 87
71 87
153 87
184 87
202 87
207 87
27 88
99 88
145 88
167 88
195 88
228 88
284 88
9 89
11 89
34 89
153 89
270 89
273 89
35 90
109 90
136 90
270 90
275 90
293 90
16 91
57 91
148 91
167 91
123 92
45 93
68 93
72 93
51 94
75 94
142 94
193 94
220 94
225 94
235 94
263 94
292 94
50 95
212 95
222 95
232 95
237 95
241 95
257 95
175 96
207 96
34 97
197 97
245 97
259 97
270 97
129 98
263 98
23 99
79 99
88 99
100 99
135 99
137 99
158 99
167 99
177 99
179 99
195 99
239 99
251 99
273 99
279 99
32 100
99 100
228 100
239 100
28 101
61 101
72 101
171 101
206 101
211 101
221 101
253 101
254 101
263 101
290 101
14 102
20 102
35 102
67 102
163 102
176 102
191 102
230 102
246 103
176 104
217 104
144 105
199 105
205 105
45 106
52 106
83 106
272 106
285 106
2 107
35 107
76 107
109 107
150 107
168 107
281 107
292 107
293 107
295 107
296 107
297 107
11 108
70 108
85 108
118 108
133 108
149 108
150 108
176 108
183 108
209 108
275 108
90 109
107 109
152 109
223 109
297 109
80 110
167 110
177 110
190 110
220 110
268 110
293 111
137 113
257 113
19 114
139 114
143 114
174 114
56 115
139 115
160 115
287 115
190 116
196 116
225 116
263 116
83 117
171 117
263 117
108 118
150 118
154 118
180 118
299 118
135 119
231 119
239 119
258 119
20 120
36 120
38 120
249 120
15 121
20 121
180 121
230 121
281 121
1 122
18 122
73 122
226 122
238 122
92 123
124 123
271 123
78 124
123 124
143 124
128 125
245 125
273 125
50 126
57 126
147 127
198 127
205 127
262 127
125 128
270 128
273 128
291 128
83 129
98 129
247 129
263 129
251 130
16 131
62 131
266 131
11 132
56 132
11 133
18 133
21 133
25 133
55 133
70 133
73 133
82 133
85 133
108 133
152 133
180 133
182 133
217 133
223 133
230 133
238 133
266 133
4 134
28 134
215 134
225 134
285 134
3 135
8 135
51 135
57 135
64 135
80 135
86 135
99 135
119 135
145 135
158 135
160 135
166 135
231 135
233 135
36 136
90 136
201 136
297 136
99 137
113 137
157 137
167 137
179 137
190 137
257 138
13 139
19 139
114 139
115 139
156 139
269 139
211 140
247 140
1 141
76 141
94 142
173 142
254 142
19 143
114 143
124 143
157 143
19 144
78 144
105 144
157 144
188 144
242 144
298 144
45 145
86 145
88 145
135 145
148 145
207 145
231 145
260 145
279 145
197 146
207 146
214 146
273 146
63 147
71 147
127 147
175 147
207 147
273 147
8 148
51 148
56 148
58 148
80 148
91 148
145 148
167 148
185 148
187 148
220 148
228 148
244 148
279 148
73 149
108 149
275 149
31 150
55 150
107 150
108 150
118 150
154 150
161 150
189 150
209 150
283 150
167 151
195 151
239 151
263 151
14 152
109 152
133 152
281 152
42 153
87 153
89 153
197 153
289 153
11 154
31 154
85 154
118 154
150 154
204 154
219 154
223 154
281 154
76 155
81 155
157 155
198 155
269 155
274 155
78 156
81 156
139 156
157 156
174 156
200 156
269 156
47 157
78 157
137 157
143 157
144 157
155 157
156 157
188 157
198 157
235 157
269 157
271 157
274 157
287 157
288 157
99 158
135 158
167 158
181 158
257 158
257 159
8 160
23 160
115 160
135 160
203 160
150 161
231 161
14 162
57 162
226 162
281 162
18 163
33 163
102 163
183 163
212 164
8 165
23 165
212 165
218 165
220 165
279 165
64 166
135 166
167 166
20 167
40 167
64 167
88 167
91 167
99 167
110 167
137 167
148 167
151 167
158 167
166 167
194 167
212 167
227 167
228 167
239 167
272 167
107 168
72 169
75 169
225 169
240 169
101 171
117 171
194 171
285 171
51 172
244 172
258 172
46 173
142 173
255 173
263 173
272 173
78 174
81 174
114 174
156 174
274 174
96 175
147 175
184 175
11 176
49 176
73 176
102 176
104 176
108 176
283 176
99 177
110 177
185 177
195 177
3 179
32 179
99 179
137 179
241 179
35 180
118 180
121 180
133 180
266 180
1 181
64 181
77 181
158 181
190 181
195 181
268 181
279 181
33 182
55 182
73 182
133 182
108 183
163 183
213 183
226 183
280 183
87 184
175 184
148 185
177 185
227 185
237 185
244 185
279 185
23 186
244 186
264 186
8 187
86 187
148 187
252 187
144 188
157 188
199 188
263 188
10 189
83 189
150 189
192 189
221 189
225 189
265 189
51 190
110 190
116 190
137 190
181 190
195 190
228 190
248 190
278 190
102 191
189 192
273 192
291 192
53 193
94 193
240 193
290 193
69 194
167 194
171 194
221 194
251 194
88 195
99 195
151 195
177 195
181 195
190 195
237 195
35 196
116 196
226 196
12 197
97 197
146 197
153 197
207 197
214 197
245 197
270 197
78 198
127 198
155 198
157 198
78 199
81 199
105 199
188 199
156 200
242 200
35 201
52 201
136 201
60 202
71 202
87 202
259 202
160 203
25 204
154 204
19 205
105 205
127 205
240 205
262 205
65 206
101 206
265 206
9 207
87 207
96 207
145 207
146 207
147 207
197 207
273 207
268 208
108 209
150 209
238 209
3 210
51 210
54 210
74 210
236 210
278 210
83 211
101 211
140 211
56 212
95 212
164 212
165 212
167 212
20 213
183 213
217 213
266 213
146 214
197 214
272 214
291 214
7 215
10 215
65 215
134 215
265 215
267 215
67 217
104 217
133 217
213 217
243 217
259 217
283 217
3 218
23 218
56 218
86 218
165 218
29 219
36 219
38 219
82 219
154 219
295 219
51 220
58 220
94 220
110 220
148 220
165 220
233 220
101 221
189 221
194 221
225 221
263 221
8 222
95 222
228 222
257 222
14 223
17 223
85 223
109 223
133 223
154 223
226 223
247 224
254 224
7 225
75 225
83 225
94 225
116 225
134 225
169 225
189 225
221 225
253 225
263 225
265 225
300 225
25 226
41 226
55 226
85 226
122 226
162 226
183 226
196 226
223 226
8 227
51 227
77 227
167 227
185 227
274 227
279 227
23 228
27 228
39 228
54 228
57 228
88 228
100 228
148 228
167 228
190 228
222 228
239 228
248 228
255 228
258 228
264 228
286 228
25 230
35 230
62 230
102 230
121 230
133 230
243 230
86 231
119 231
135 231
145 231
161 231
95 232
248 232
57 233
135 233
220 233
239 233
252 233
258 233
299 233
245 234
17 235
94 235
157 235
254 235
39 236
58 236
210 236
95 237
185 237
195 237
268 237
122 238
133 238
209 238
243 238
99 239
100 239
119 239
151 239
167 239
228 239
233 239
5 240
169 240
193 240
205 240
254 240
263 240
51 241
95 241
179 241
144 242
200 242
262 242
298 242
70 243
73 243
217 243
230 243
238 243
50 244
56 244
148 244
172 244
185 244
186 244
272 244
287 244
3 245
97 245
125 245
197 245
234 245
289 245
291 245
45 246
72 246
103 246
263 246
129 247
140 247
224 247
294 247
190 248
228 248
232 248
282 248
287 248
16 249
55 249
120 249
275 249
7 250
22 251
99 251
130 251
194 251
272 251
30 252
83 252
187 252
233 252
101 253
225 253
272 253
35 254
72 254
101 254
142 254
224 254
235 254
240 254
255 254
263 254
268 254
272 254
173 255
228 255
254 255
263 255
285 255
47 256
78 256
259 256
95 257
113 257
138 257
158 257
159 257
222 257
51 258
119 258
172 258
228 258
233 258
9 259
71 259
97 259
202 259
217 259
256 259
273 259
291 259
56 260
145 260
284 260
287 260
127 262
205 262
242 262
22 263
28 263
52 263
55 263
69 263
72 263
75 263
94 263
98 263
101 263
116 263
117 263
129 263
151 263
173 263
188 263
221 263
225 263
240 263
246 263
254 263
255 263
272 263
285 263
292 263
294 263
295 263
186 264
228 264
7 265
46 265
53 265
189 265
206 265
215 265
225 265
285 265
38 266
131 266
133 266
180 266
213 266
22 267
37 267
215 267
73 268
86 268
110 268
181 268
208 268
237 268
254 268
9 269
78 269
139 269
155 269
156 269
157 269
274 269
34 270
60 270
63 270
89 270
90 270
97 270
128 270
197 270
273 270
291 270
123 271
157 271
46 272
78 272
106 272
167 272
173 272
214 272
244 272
251 272
253 272
254 272
263 272
89 273
99 273
125 273
128 273
146 273
147 273
192 273
207 273
259 273
270 273
19 274
155 274
157 274
174 274
227 274
269 274
288 274
36 275
38 275
90 275
108 275
149 275
249 275
6 277
287 277
40 278
57 278
190 278
210 278
23 279
99 279
145 279
148 279
165 279
181 279
185 279
227 279
25 280
183 280
281 280
1 281
20 281
31 281
33 281
38 281
107 281
121 281
152 281
154 281
162 281
280 281
43 282
248 282
20 283
55 283
150 283
176 283
217 283
88 284
260 284
68 285
83 285
106 285
134 285
171 285
255 285
263 285
265 285
28 286
44 286
228 286
6 287
30 287
115 287
157 287
244 287
248 287
260 287
277 287
157 288
274 288
60 289
153 289
245 289
65 290
78 290
101 290
193 290
294 290
9 291
12 291
42 291
51 291
128 291
192 291
214 291
245 291
259 291
270 291
28 292
42 292
94 292
107 292
263 292
25 293
67 293
90 293
107 293
111 293
75 294
247 294
263 294
290 294
25 295
107 295
219 295
263 295
107 296
31 297
38 297
67 297
107 297
109 297
136 297
19 298
144 298
242 298
1 299
20 299
85 299
118 299
233 299
4 300
22 300
225 300
39 1
61 1
111 1
61 2
128 2
176 2
219 2
187 3
195 3
233 3
282 3
65 4
75 4
169 5
250 5
12 6
198 6
298 6
28 7
52 7
32 8
71 8
100 8
127 8
232 8
276 8
71 9
273 9
103 10
172 10
216 10
240 10
265 10
38 11
48 11
55 11
123 11
162 11
183 11
217 11
6 12
26 12
29 12
114 12
123 12
143 12
144 12
156 12
198 12
205 12
229 12
298 12
24 13
69 13
88 13
115 13
282 13
96 14
150 14
274 14
171 15
183 15
296 15
39 16
70 16
85 16
136 16
137 16
214 16
39 17
61 17
163 17
183 17
214 17
247 17
62 18
82 18
114 18
131 18
183 18
235 18
275 18
123 19
124 19
136 20
41 21
61 21
70 21
121 21
131 21
147 21
163 21
266 21
52 22
65 22
88 22
116 23
239 23
13 24
32 24
97 24
127 24
279 24
39 25
49 25
61 25
76 25
120 25
135 25
145 25
12 26
85 26
107 26
149 26
51 27
148 27
7 28
37 28
65 28
100 28
117 28
138 28
211 28
216 28
240 28
270 28
285 28
12 29
114 29
169 29
199 29
221 29
287 29
290 29
74 30
95 30
110 30
127 30
151 30
248 30
53 31
65 31
142 31
240 31
265 31
267 31
8 32
24 32
51 32
64 32
66 32
88 32
110 32
148 32
220 32
252 32
268 32
150 33
42 34
175 34
201 34
234 34
36 35
70 35
92 35
118 35
140 35
152 35
35 36
111 36
180 36
199 36
261 36
28 37
107 37
169 37
224 37
11 38
107 38
130 38
161 38
163 38
235 38
238 38
249 38
1 39
16 39
17 39
25 39
41 39
85 39
92 39
120 39
131 39
147 39
149 39
163 39
182 39
193 39
209 39
214 39
217 39
223 39
243 39
253 39
261 39
294 39
237 40
276 40
21 41
39 41
88 41
163 41
34 42
63 42
71 42
84 42
170 42
175 42
197 42
259 42
167 43
236 43
125 44
130 44
229 44
246 44
265 44
154 45
215 45
240 45
52 46
53 46
100 46
185 46
224 46
246 46
264 46
156 47
11 48
296 48
25 49
61 49
76 49
85 49
66 50
119 50
248 50
27 51
32 51
102 51
169 51
7 52
22 52
46 52
62 52
72 52
140 52
175 52
240 52
246 52
256 52
267 52
31 53
46 53
80 53
224 53
246 53
251 53
57 54
64 54
80 54
97 54
164 54
11 55
61 55
67 55
85 55
94 55
54 57
88 57
151 57
84 58
99 58
276 58
65 59
250 59
72 60
224 60
251 60
300 60
1 61
2 61
17 61
21 61
25 61
49 61
55 61
82 61
95 61
122 61
131 61
195 61
219 61
261 61
295 61
18 62
52 62
73 62
97 62
150 62
152 62
196 62
209 62
261 62
299 62
42 63
89 63
91 63
170 63
175 63
234 63
32 64
54 64
110 64
222 64
235 64
239 64
4 65
22 65
28 65
31 65
59 65
72 65
83 65
90 65
142 65
149 65
189 65
224 65
246 65
263 65
265 65
32 66
50 66
221 66
276 66
283 66
55 67
120 67
136 67
150 67
195 67
253 67
211 68
240 68
13 69
78 69
127 69
239 69
16 70
21 70
35 70
238 70
266 70
8 71
9 71
42 71
90 71
95 71
129 71
170 71
175 71
189 71
52 72
60 72
65 72
134 72
178 72
240 72
300 72
62 73
94 73
120 73
201 73
299 73
30 74
79 74
125 74
232 74
233 74
254 74
4 75
25 76
49 76
94 76
101 76
209 76
247 76
102 77
143 77
69 78
110 78
158 78
236 78
74 79
88 79
125 79
167 79
190 79
228 79
282 79
53 80
54 80
248 80
137 81
165 81
221 81
18 82
61 82
223 82
264 82
266 82
65 83
103 83
169 83
267 83
42 84
58 84
278 84
16 85
26 85
39 85
49 85
55 85
117 85
131 85
180 85
280 85
298 86
146 87
170 87
259 87
13 88
22 88
32 88
41 88
57 88
79 88
106 88
107 88
110 88
116 88
137 88
153 88
161 88
172 88
186 88
203 88
236 88
257 88
268 88
276 88
282 88
63 89
274 89
65 90
71 90
130 90
142 90
265 90
267 90
63 91
115 91
195 91
228 91
283 91
35 92
39 92
55 94
73 94
76 94
214 94
243 94
30 95
61 95
71 95
110 95
156 95
282 95
14 96
147 96
201 96
24 97
54 97
62 97
142 98
175 98
58 99
284 99
8 100
28 100
46 100
205 100
220 100
76 101
129 101
168 101
191 101
209 101
230 101
280 101
51 102
77 102
165 102
287 102
10 103
83 103
130 103
206 103
250 103
265 103
147 104
274 104
114 105
123 105
124 105
155 105
165 105
174 105
194 105
202 105
271 105
288 105
88 106
158 106
236 106
26 107
37 107
38 107
88 107
246 107
261 107
138 109
178 109
201 109
213 109
217 109
286 109
30 110
32 110
64 110
78 110
88 110
95 110
144 110
181 110
200 110
211 110
236 110
276 110
1 111
36 111
135 111
193 111
280 111
296 111
127 112
300 112
231 113
276 113
12 114
18 114
29 114
105 114
124 114
188 114
199 114
229 114
242 114
258 114
13 115
91 115
116 115
164 115
23 116
88 116
115 116
156 116
159 116
172 116
236 116
269 116
282 116
288 116
28 117
85 117
164 117
219 117
35 118
121 118
50 119
151 119
210 119
25 120
39 120
67 120
73 120
238 120
21 121
118 121
61 122
275 122
280 122
11 123
12 123
19 123
105 123
143 123
194 123
200 123
298 123
19 124
105 124
114 124
242 124
298 124
44 125
74 125
79 125
208 125
203 126
8 127
24 127
30 127
69 127
112 127
160 127
166 127
208 127
2 128
298 128
71 129
101 129
197 129
278 129
291 129
38 130
44 130
90 130
103 130
152 130
199 130
18 131
21 131
39 131
61 131
85 131
133 131
164 131
183 131
196 131
223 131
238 131
293 131
295 131
131 133
154 133
72 134
292 134
25 135
111 135
152 135
16 136
20 136
67 136
168 136
183 136
217 136
16 137
81 137
88 137
151 137
28 138
109 138
142 138
178 138
215 138
240 138
263 138
287 138
258 139
271 139
288 139
290 139
35 140
52 140
265 140
286 140
196 141
297 141
31 142
65 142
90 142
98 142
138 142
169 142
215 142
240 142
265 142
12 143
77 143
123 143
156 143
194 143
199 143
216 143
271 143
288 143
12 144
110 144
194 144
202 144
267 144
25 145
87 146
21 147
39 147
96 147
104 147
201 147
234 147
235 147
245 147
255 147
291 147
27 148
32 148
222 148
236 148
248 148
26 149
39 149
65 149
14 150
33 150
62 150
67 150
191 150
193 150
219 150
247 150
30 151
57 151
119 151
137 151
279 151
283 151
35 152
62 152
130 152
135 152
204 152
249 152
88 153
172 153
187 153
45 154
133 154
171 154
105 155
156 155
200 155
229 155
300 155
12 156
47 156
95 156
116 156
143 156
155 156
221 156
258 156
262 156
298 156
192 157
78 158
106 158
276 158
116 159
172 159
195 159
232 159
286 159
127 160
164 160
186 160
236 160
38 161
88 161
11 162
295 162
17 163
21 163
38 163
39 163
41 163
54 164
115 164
117 164
131 164
160 164
166 164
248 164
282 164
81 165
102 165
105 165
199 165
202 165
242 165
288 165
127 166
164 166
43 167
79 167
241 167
101 168
136 168
223 168
235 168
5 169
29 169
37 169
51 169
83 169
142 169
246 169
42 170
63 170
71 170
87 170
255 170
15 171
154 171
10 172
88 172
116 172
153 172
159 172
228 172
231 172
260 172
240 173
105 174
290 174
34 175
42 175
52 175
63 175
71 175
98 175
192 175
2 176
181 176
253 176
228 177
231 177
72 178
109 178
138 178
265 178
36 180
85 180
110 181
176 181
187 181
39 182
293 182
296 182
11 183
15 183
17 183
18 183
131 183
136 183
209 183
217 183
201 184
212 184
289 184
46 185
189 185
88 186
160 186
282 186
3 187
153 187
181 187
233 187
114 188
298 188
65 189
71 189
185 189
300 189
79 190
208 190
101 191
150 191
157 192
175 192
39 193
111 193
150 193
261 193
105 194
123 194
143 194
144 194
3 195
61 195
67 195
91 195
159 195
232 195
239 195
244 195
276 195
62 196
131 196
141 196
42 197
129 197
6 198
12 198
29 199
36 199
114 199
130 199
143 199
165 199
287 199
110 200
123 200
155 200
271 200
290 200
34 201
73 201
96 201
109 201
147 201
184 201
218 201
234 201
300 201
105 202
144 202
165 202
290 202
88 203
126 203
233 203
257 203
152 204
249 204
12 205
100 205
103 206
240 206
125 208
127 208
190 208
39 209
62 209
76 209
101 209
183 209
119 210
28 211
68 211
110 211
286 211
184 212
220 212
225 212
109 213
16 214
17 214
39 214
94 214
45 215
138 215
142 215
10 216
28 216
143 216
270 216
11 217
39 217
109 217
136 217
183 217
201 218
233 218
2 219
61 219
117 219
150 219
285 219
32 220
100 220
212 220
236 220
271 220
29 221
66 221
81 221
156 221
229 221
298 221
64 222
148 222
248 222
39 223
82 223
131 223
168 223
295 223
37 224
46 224
53 224
60 224
65 224
240 224
246 224
212 225
272 225
296 226
79 228
91 228
172 228
177 228
277 228
12 229
44 229
114 229
155 229
221 229
236 229
263 229
101 230
113 231
172 231
177 231
237 231
239 231
292 231
8 232
74 232
159 232
195 232
3 233
74 233
187 233
203 233
218 233
34 234
63 234
147 234
201 234
18 235
38 235
64 235
147 235
168 235
43 236
78 236
88 236
106 236
110 236
116 236
148 236
160 236
220 236
229 236
237 236
254 236
268 236
279 236
40 237
231 237
236 237
279 237
297 237
38 238
70 238
120 238
131 238
23 239
64 239
69 239
195 239
231 239
10 240
28 240
31 240
45 240
52 240
68 240
72 240
138 240
142 240
173 240
206 240
224 240
250 240
256 240
265 240
286 240
294 240
167 241
114 242
124 242
165 242
39 243
94 243
249 243
195 244
147 245
295 245
44 246
46 246
52 246
53 246
65 246
107 246
169 246
224 246
285 246
17 247
76 247
150 247
30 248
50 248
80 248
148 248
164 248
222 248
277 248
38 249
152 249
204 249
243 249
5 250
59 250
103 250
240 250
255 250
53 251
60 251
32 252
39 253
67 253
176 253
74 254
236 254
147 255
170 255
250 255
273 255
52 256
240 256
298 256
88 257
203 257
279 257
295 257
114 258
139 258
156 258
290 258
42 259
87 259
172 260
36 261
39 261
61 261
62 261
107 261
193 261
299 261
156 262
65 263
138 263
229 263
265 263
46 264
82 264
272 264
10 265
31 265
44 265
65 265
90 265
103 265
140 265
142 265
178 265
240 265
263 265
294 265
21 266
70 266
82 266
31 267
52 267
83 267
90 267
144 267
286 267
32 268
88 268
236 268
116 269
271 269
28 270
216 270
105 271
139 271
143 271
200 271
220 271
269 271
287 271
225 272
264 272
9 273
255 273
14 274
89 274
104 274
291 274
18 275
122 275
285 275
8 276
40 276
58 276
66 276
88 276
110 276
113 276
158 276
195 276
228 277
248 277
84 278
129 278
289 278
291 278
24 279
151 279
236 279
237 279
257 279
85 280
101 280
111 280
122 280
3 282
13 282
79 282
88 282
95 282
116 282
164 282
186 282
66 283
91 283
151 283
286 283
99 284
28 285
219 285
246 285
275 285
286 285
109 286
140 286
159 286
211 286
240 286
267 286
283 286
285 286
300 286
29 287
102 287
138 287
199 287
271 287
105 288
116 288
139 288
143 288
165 288
184 289
278 289
29 290
139 290
174 290
200 290
202 290
258 290
129 291
147 291
274 291
278 291
134 292
231 292
131 293
182 293
39 294
240 294
265 294
61 295
131 295
162 295
223 295
245 295
257 295
15 296
48 296
111 296
182 296
226 296
141 297
237 297
6 298
12 298
86 298
123 298
124 298
128 298
156 298
188 298
221 298
256 298
62 299
73 299
261 299
60 300
72 300
112 300
155 300
189 300
201 300
286 300
