4 225
7 10
10 7
11 41
14 227
19 105
22 106
28 251
29 157
29 262
33 92
36 154
36 209
40 257
41 11
43 277
44 193
45 292
47 114
55 108
71 197
73 111
85 168
85 295
90 107
91 268
92 33
94 211
96 291
105 19
106 22
106 173
107 90
108 55
108 196
111 73
114 47
114 156
121 219
123 274
124 200
129 221
131 297
135 186
143 200
144 256
144 269
148 166
153 291
154 36
154 213
156 114
157 29
157 256
166 148
168 85
169 292
173 106
173 225
179 278
186 135
186 260
188 274
193 44
194 292
196 108
197 71
197 291
198 229
198 274
200 124
200 143
204 261
207 214
207 291
209 36
211 94
212 244
213 154
214 207
215 263
216 243
218 287
219 121
221 129
225 4
225 173
227 14
229 198
229 256
229 262
243 216
244 212
246 272
251 28
256 144
256 157
256 229
257 40
260 186
260 282
261 204
262 29
262 229
263 215
268 91
269 144
272 246
273 291
274 123
274 188
274 198
277 43
278 179
282 260
287 218
291 96
291 153
291 197
291 207
291 273
292 45
292 169
292 194
292 294
294 292
295 85
297 131
5 251
11 163
12 152
19 155
19 174
19 242
20 226
20 230
26 67
28 75
29 124
31 85
47 127
47 198
51 58
51 145
52 83
55 275
56 227
58 51
61 75
65 292
67 26
75 28
75 61
75 173
75 272
81 188
83 52
85 31
88 218
88 227
92 293
94 101
98 171
101 94
103 300
124 29
127 47
131 152
144 156
145 51
152 12
152 131
152 297
155 19
156 144
163 11
164 190
171 98
173 75
174 19
188 81
190 164
192 289
198 47
218 88
225 254
226 20
227 56
227 88
230 20
234 273
242 19
242 269
245 259
251 5
253 255
253 292
254 225
255 253
259 245
260 276
269 242
272 75
273 234
275 55
276 260
289 192
292 65
292 253
293 92
297 152
300 103
1 2
1 55
1 76
1 122
1 141
1 181
1 281
1 299
2 1
2 20
2 49
2 73
2 76
2 82
2 107
3 51
3 64
3 135
3 179
3 210
3 218
3 245
4 59
4 134
4 300
5 28
5 53
5 240
6 39
6 57
6 86
6 277
6 287
7 215
7 225
7 250
7 265
8 50
8 51
8 135
8 148
8 160
8 165
8 187
8 222
8 227
9 66
9 84
9 89
9 207
9 259
9 269
9 291
10 22
10 44
10 189
10 215
11 71
11 89
11 108
11 132
11 133
11 154
11 176
12 71
12 197
12 291
13 51
13 139
14 73
14 102
14 152
14 162
14 223
15 121
16 20
16 55
16 91
16 131
16 249
17 223
17 235
18 24
18 48
18 122
18 133
18 163
19 47
19 114
19 139
19 143
19 144
19 205
19 274
19 298
20 2
20 16
20 38
20 49
20 102
20 120
20 121
20 167
20 213
20 281
20 283
20 299
21 133
22 10
22 69
22 75
22 251
22 263
22 267
22 300
23 32
23 43
23 86
23 99
23 160
23 165
23 186
23 218
23 228
23 279
24 18
24 62
25 133
25 204
25 226
25 230
25 280
25 293
25 295
27 39
27 40
27 88
27 228
28 5
28 51
28 101
28 134
28 263
28 286
28 292
29 219
30 51
30 252
30 287
31 150
31 154
31 281
31 297
32 23
32 57
32 100
32 179
33 35
33 55
33 163
33 182
33 281
34 89
34 97
34 270
35 33
35 41
35 90
35 102
35 107
35 180
35 196
35 201
35 230
35 254
36 49
36 120
36 136
36 219
36 275
37 267
38 20
38 120
38 219
38 266
38 275
38 281
38 297
39 6
39 27
39 228
39 236
40 27
40 167
40 278
41 35
41 85
41 226
42 87
42 153
42 291
42 292
43 23
43 282
44 10
44 45
44 286
45 44
45 72
45 93
45 106
45 145
45 246
46 61
46 65
46 173
46 265
46 272
47 19
47 157
47 256
48 18
49 2
49 20
49 36
49 176
50 8
50 57
50 77
50 95
50 126
50 244
51 3
51 8
51 13
51 28
51 30
51 56
51 94
51 135
51 148
51 172
51 190
51 210
51 220
51 227
51 241
51 258
51 291
52 106
52 201
52 263
53 5
53 68
53 193
53 265
54 210
54 228
55 1
55 16
55 33
55 133
55 150
55 182
55 226
55 249
55 263
55 283
56 51
56 57
56 86
56 115
56 132
56 148
56 212
56 218
56 244
56 260
57 6
57 32
57 50
57 56
57 91
57 126
57 135
57 162
57 228
57 233
57 278
58 148
58 220
58 236
59 4
60 66
60 71
60 202
60 270
60 289
61 46
61 101
62 24
62 67
62 131
62 230
63 84
63 147
63 270
64 3
64 86
64 135
64 166
64 167
64 181
65 46
65 206
65 215
65 290
66 9
66 60
67 62
67 73
67 102
67 217
67 293
67 297
68 53
68 69
68 75
68 93
68 285
69 22
69 68
69 72
69 194
69 263
70 108
70 133
70 243
71 11
71 12
71 60
71 87
71 147
71 202
71 259
72 45
72 69
72 83
72 93
72 101
72 169
72 246
72 254
72 263
73 2
73 14
73 67
73 122
73 133
73 149
73 176
73 182
73 243
73 268
74 210
75 22
75 68
75 94
75 169
75 225
75 263
75 294
76 1
76 2
76 107
76 141
76 155
77 50
77 181
77 227
78 124
78 144
78 156
78 157
78 174
78 198
78 199
78 256
78 269
78 272
78 290
79 99
80 110
80 135
80 148
81 155
81 156
81 174
81 199
82 2
82 133
82 219
83 72
83 106
83 117
83 129
83 189
83 211
83 225
83 252
83 285
84 9
84 63
85 41
85 108
85 133
85 154
85 223
85 226
85 299
86 6
86 23
86 56
86 64
86 135
86 145
86 187
86 218
86 231
86 268
87 42
87 71
87 153
87 184
87 202
87 207
88 27
88 99
88 145
88 167
88 195
88 228
88 284
89 9
89 11
89 34
89 153
89 270
89 273
90 35
90 109
90 136
90 270
90 275
90 293
91 16
91 57
91 148
91 167
92 123
93 45
93 68
93 72
94 51
94 75
94 142
94 193
94 220
94 225
94 235
94 263
94 292
95 50
95 212
95 222
95 232
95 237
95 241
95 257
96 175
96 207
97 34
97 197
97 245
97 259
97 270
98 129
98 263
99 23
99 79
99 88
99 100
99 135
99 137
99 158
99 167
99 177
99 179
99 195
99 239
99 251
99 273
99 279
100 32
100 99
100 228
100 239
101 28
101 61
101 72
101 171
101 206
101 211
101 221
101 253
101 254
101 263
101 290
102 14
102 20
102 35
102 67
102 163
102 176
102 191
102 230
103 246
104 176
104 217
105 144
105 199
105 205
106 45
106 52
106 83
106 272
106 285
107 2
107 35
107 76
107 109
107 150
107 168
107 281
107 292
107 293
107 295
107 296
107 297
108 11
108 70
108 85
108 118
108 133
108 149
108 150
108 176
108 183
108 209
108 275
109 90
109 107
109 152
109 223
109 297
110 80
110 167
110 177
110 190
110 220
110 268
111 293
113 137
113 257
114 19
114 139
114 143
114 174
115 56
115 139
115 160
115 287
116 190
116 196
116 225
116 263
117 83
117 171
117 263
118 108
118 150
118 154
118 180
118 299
119 135
119 231
119 239
119 258
120 20
120 36
120 38
120 249
121 15
121 20
121 180
121 230
121 281
122 1
122 18
122 73
122 226
122 238
123 92
123 124
123 271
124 78
124 123
124 143
125 128
125 245
125 273
126 50
126 57
127 147
127 198
127 205
127 262
128 125
128 270
128 273
128 291
129 83
129 98
129 247
129 263
130 251
131 16
131 62
131 266
132 11
132 56
133 11
133 18
133 21
133 25
133 55
133 70
133 73
133 82
133 85
133 108
133 152
133 180
133 182
133 217
133 223
133 230
133 238
133 266
134 4
134 28
134 215
134 225
134 285
135 3
135 8
135 51
135 57
135 64
135 80
135 86
135 99
135 119
135 145
135 158
135 160
135 166
135 231
135 233
136 36
136 90
136 201
136 297
137 99
137 113
137 157
137 167
137 179
137 190
138 257
139 13
139 19
139 114
139 115
139 156
139 269
140 211
140 247
141 1
141 76
142 94
142 173
142 254
143 19
143 114
143 124
143 157
144 19
144 78
144 105
144 157
144 188
144 242
144 298
145 45
145 86
145 88
145 135
145 148
145 207
145 231
145 260
145 279
146 197
146 207
146 214
146 273
147 63
147 71
147 127
147 175
147 207
147 273
148 8
148 51
148 56
148 58
148 80
148 91
148 145
148 167
148 185
148 187
148 220
148 228
148 244
148 279
149 73
149 108
149 275
150 31
150 55
150 107
150 108
150 118
150 154
150 161
150 189
150 209
150 283
151 167
151 195
151 239
151 263
152 14
152 109
152 133
152 281
153 42
153 87
153 89
153 197
153 289
154 11
154 31
154 85
154 118
154 150
154 204
154 219
154 223
154 281
155 76
155 81
155 157
155 198
155 269
155 274
156 78
156 81
156 139
156 157
156 174
156 200
156 269
157 47
157 78
157 137
157 143
157 144
157 155
157 156
157 188
157 198
157 235
157 269
157 271
157 274
157 287
157 288
158 99
158 135
158 167
158 181
158 257
159 257
160 8
160 23
160 115
160 135
160 203
161 150
161 231
162 14
162 57
162 226
162 281
163 18
163 33
163 102
163 183
164 212
165 8
165 23
165 212
165 218
165 220
165 279
166 64
166 135
166 167
167 20
167 40
167 64
167 88
167 91
167 99
167 110
167 137
167 148
167 151
167 158
167 166
167 194
167 212
167 227
167 228
167 239
167 272
168 107
169 72
169 75
169 225
169 240
171 101
171 117
171 194
171 285
172 51
172 244
172 258
173 46
173 142
173 255
173 263
173 272
174 78
174 81
174 114
174 156
174 274
175 96
175 147
175 184
176 11
176 49
176 73
176 102
176 104
176 108
176 283
177 99
177 110
177 185
177 195
179 3
179 32
179 99
179 137
179 241
180 35
180 118
180 121
180 133
180 266
181 1
181 64
181 77
181 158
181 190
181 195
181 268
181 279
182 33
182 55
182 73
182 133
183 108
183 163
183 213
183 226
183 280
184 87
184 175
185 148
185 177
185 227
185 237
185 244
185 279
186 23
186 244
186 264
187 8
187 86
187 148
187 252
188 144
188 157
188 199
188 263
189 10
189 83
189 150
189 192
189 221
189 225
189 265
190 51
190 110
190 116
190 137
190 181
190 195
190 228
190 248
190 278
191 102
192 189
192 273
192 291
193 53
193 94
193 240
193 290
194 69
194 167
194 171
194 221
194 251
195 88
195 99
195 151
195 177
195 181
195 190
195 237
196 35
196 116
196 226
197 12
197 97
197 146
197 153
197 207
197 214
197 245
197 270
198 78
198 127
198 155
198 157
199 78
199 81
199 105
199 188
200 156
200 242
201 35
201 52
201 136
202 60
202 71
202 87
202 259
203 160
204 25
204 154
205 19
205 105
205 127
205 240
205 262
206 65
206 101
206 265
207 9
207 87
207 96
207 145
207 146
207 147
207 197
207 273
208 268
209 108
209 150
209 238
210 3
210 51
210 54
210 74
210 236
210 278
211 83
211 101
211 140
212 56
212 95
212 164
212 165
212 167
213 20
213 183
213 217
213 266
214 146
214 197
214 272
214 291
215 7
215 10
215 65
215 134
215 265
215 267
217 67
217 104
217 133
217 213
217 243
217 259
217 283
218 3
218 23
218 56
218 86
218 165
219 29
219 36
219 38
219 82
219 154
219 295
220 51
220 58
220 94
220 110
220 148
220 165
220 233
221 101
221 189
221 194
221 225
221 263
222 8
222 95
222 228
222 257
223 14
223 17
223 85
223 109
223 133
223 154
223 226
224 247
224 254
225 7
225 75
225 83
225 94
225 116
225 134
225 169
225 189
225 221
225 253
225 263
225 265
225 300
226 25
226 41
226 55
226 85
226 122
226 162
226 183
226 196
226 223
227 8
227 51
227 77
227 167
227 185
227 274
227 279
228 23
228 27
228 39
228 54
228 57
228 88
228 100
228 148
228 167
228 190
228 222
228 239
228 248
228 255
228 258
228 264
228 286
230 25
230 35
230 62
230 102
230 121
230 133
230 243
231 86
231 119
231 135
231 145
231 161
232 95
232 248
233 57
233 135
233 220
233 239
233 252
233 258
233 299
234 245
235 17
235 94
235 157
235 254
236 39
236 58
236 210
237 95
237 185
237 195
237 268
238 122
238 133
238 209
238 243
239 99
239 100
239 119
239 151
239 167
239 228
239 233
240 5
240 169
240 193
240 205
240 254
240 263
241 51
241 95
241 179
242 144
242 200
242 262
242 298
243 70
243 73
243 217
243 230
243 238
244 50
244 56
244 148
244 172
244 185
244 186
244 272
244 287
245 3
245 97
245 125
245 197
245 234
245 289
245 291
246 45
246 72
246 103
246 263
247 129
247 140
247 224
247 294
248 190
248 228
248 232
248 282
248 287
249 16
249 55
249 120
249 275
250 7
251 22
251 99
251 130
251 194
251 272
252 30
252 83
252 187
252 233
253 101
253 225
253 272
254 35
254 72
254 101
254 142
254 224
254 235
254 240
254 255
254 263
254 268
254 272
255 173
255 228
255 254
255 263
255 285
256 47
256 78
256 259
257 95
257 113
257 138
257 158
257 159
257 222
258 51
258 119
258 172
258 228
258 233
259 9
259 71
259 97
259 202
259 217
259 256
259 273
259 291
260 56
260 145
260 284
260 287
262 127
262 205
262 242
263 22
263 28
263 52
263 55
263 69
263 72
263 75
263 94
263 98
263 101
263 116
263 117
263 129
263 151
263 173
263 188
263 221
263 225
263 240
263 246
263 254
263 255
263 272
263 285
263 292
263 294
263 295
264 186
264 228
265 7
265 46
265 53
265 189
265 206
265 215
265 225
265 285
266 38
266 131
266 133
266 180
266 213
267 22
267 37
267 215
268 73
268 86
268 110
268 181
268 208
268 237
268 254
269 9
269 78
269 139
269 155
269 156
269 157
269 274
270 34
270 60
270 63
270 89
270 90
270 97
270 128
270 197
270 273
270 291
271 123
271 157
272 46
272 78
272 106
272 167
272 173
272 214
272 244
272 251
272 253
272 254
272 263
273 89
273 99
273 125
273 128
273 146
273 147
273 192
273 207
273 259
273 270
274 19
274 155
274 157
274 174
274 227
274 269
274 288
275 36
275 38
275 90
275 108
275 149
275 249
277 6
277 287
278 40
278 57
278 190
278 210
279 23
279 99
279 145
279 148
279 165
279 181
279 185
279 227
280 25
280 183
280 281
281 1
281 20
281 31
281 33
281 38
281 107
281 121
281 152
281 154
281 162
281 280
282 43
282 248
283 20
283 55
283 150
283 176
283 217
284 88
284 260
285 68
285 83
285 106
285 134
285 171
285 255
285 263
285 265
286 28
286 44
286 228
287 6
287 30
287 115
287 157
287 244
287 248
287 260
287 277
288 157
288 274
289 60
289 153
289 245
290 65
290 78
290 101
290 193
290 294
291 9
291 12
291 42
291 51
291 128
291 192
291 214
291 245
291 259
291 270
292 28
292 42
292 94
292 107
292 263
293 25
293 67
293 90
293 107
293 111
294 75
294 247
294 263
294 290
295 25
295 107
295 219
295 263
296 107
297 31
297 38
297 67
297 107
297 109
297 136
298 19
298 144
298 242
299 1
299 20
299 85
299 118
299 233
300 4
300 22
300 225
