2 39
7 138
14 273
17 25
19 188
25 17
28 52
29 229
34 207
39 2
49 161
52 28
60 254
63 129
73 154
81 144
89 234
102 114
114 102
114 156
114 256
114 269
114 298
120 122
122 120
124 139
128 256
129 63
132 187
138 7
139 124
142 178
143 200
143 229
144 81
144 198
144 205
154 73
156 114
161 49
178 142
187 132
188 19
188 229
198 144
199 242
200 143
200 229
200 298
205 144
207 34
207 234
224 251
229 29
229 143
229 188
229 200
229 262
229 269
234 89
234 207
240 292
242 199
251 224
254 60
256 114
256 128
262 229
269 114
269 229
273 14
292 240
298 114
298 200
2 92
4 285
7 130
13 153
16 120
19 155
20 92
20 133
21 85
27 164
29 124
34 184
38 183
39 266
42 96
42 245
42 289
47 200
48 193
52 83
54 160
58 69
58 116
67 101
69 58
69 79
79 69
81 143
83 52
85 21
92 2
92 20
95 181
95 276
96 42
101 67
114 202
116 58
116 276
120 16
124 29
130 7
132 231
133 20
137 160
137 239
143 81
144 156
146 245
153 13
155 19
155 174
155 188
156 144
156 205
160 54
160 137
164 27
164 179
164 239
169 267
173 224
174 155
174 198
174 202
178 240
179 164
181 95
183 38
184 34
188 155
193 48
198 174
200 47
202 114
202 174
205 156
224 173
231 132
239 137
239 164
240 178
245 42
245 146
266 39
267 169
276 95
276 116
285 4
288 290
289 42
290 288
1 55
1 141
3 51
9 89
9 259
10 44
10 215
19 298
22 263
32 100
36 49
36 120
36 275
42 87
44 10
46 65
46 265
49 36
51 3
55 1
64 166
65 46
68 285
78 174
85 154
87 42
88 99
88 195
88 228
89 9
90 109
99 88
100 32
100 239
108 133
109 90
110 190
114 143
114 174
120 36
133 108
134 225
141 1
142 173
143 114
144 298
154 85
155 269
157 198
166 64
169 240
173 142
174 78
174 114
175 184
184 175
189 265
190 110
195 88
197 207
198 157
205 262
207 197
215 10
225 134
228 88
239 100
240 169
242 298
259 9
262 205
263 22
265 46
265 189
269 155
275 36
285 68
298 19
298 144
298 242
1 39
1 61
1 111
2 61
2 128
2 176
2 219
3 187
3 195
3 233
3 282
4 65
4 75
5 169
5 250
6 12
6 198
6 298
7 28
7 52
8 32
8 71
8 100
8 127
8 232
8 276
9 71
9 273
10 103
10 172
10 216
10 240
10 265
11 38
11 48
11 55
11 123
11 162
11 183
11 217
12 6
12 26
12 29
12 114
12 123
12 143
12 144
12 156
12 198
12 205
12 229
12 298
13 24
13 69
13 88
13 115
13 282
14 96
14 150
14 274
15 171
15 183
15 296
16 39
16 70
16 85
16 136
16 137
16 214
17 39
17 61
17 163
17 183
17 214
17 247
18 62
18 82
18 114
18 131
18 183
18 235
18 275
19 123
19 124
20 136
21 41
21 61
21 70
21 121
21 131
21 147
21 163
21 266
22 52
22 65
22 88
23 116
23 239
24 13
24 32
24 97
24 127
24 279
25 39
25 49
25 61
25 76
25 120
25 135
25 145
26 12
26 85
26 107
26 149
27 51
27 148
28 7
28 37
28 65
28 100
28 117
28 138
28 211
28 216
28 240
28 270
28 285
29 12
29 114
29 169
29 199
29 221
29 287
29 290
30 74
30 95
30 110
30 127
30 151
30 248
31 53
31 65
31 142
31 240
31 265
31 267
32 8
32 24
32 51
32 64
32 66
32 88
32 110
32 148
32 220
32 252
32 268
33 150
34 42
34 175
34 201
34 234
35 36
35 70
35 92
35 118
35 140
35 152
36 35
36 111
36 180
36 199
36 261
37 28
37 107
37 169
37 224
38 11
38 107
38 130
38 161
38 163
38 235
38 238
38 249
39 1
39 16
39 17
39 25
39 41
39 85
39 92
39 120
39 131
39 147
39 149
39 163
39 182
39 193
39 209
39 214
39 217
39 223
39 243
39 253
39 261
39 294
40 237
40 276
41 21
41 39
41 88
41 163
42 34
42 63
42 71
42 84
42 170
42 175
42 197
42 259
43 167
43 236
44 125
44 130
44 229
44 246
44 265
45 154
45 215
45 240
46 52
46 53
46 100
46 185
46 224
46 246
46 264
47 156
48 11
48 296
49 25
49 61
49 76
49 85
50 66
50 119
50 248
51 27
51 32
51 102
51 169
52 7
52 22
52 46
52 62
52 72
52 140
52 175
52 240
52 246
52 256
52 267
53 31
53 46
53 80
53 224
53 246
53 251
54 57
54 64
54 80
54 97
54 164
55 11
55 61
55 67
55 85
55 94
57 54
57 88
57 151
58 84
58 99
58 276
59 65
59 250
60 72
60 224
60 251
60 300
61 1
61 2
61 17
61 21
61 25
61 49
61 55
61 82
61 95
61 122
61 131
61 195
61 219
61 261
61 295
62 18
62 52
62 73
62 97
62 150
62 152
62 196
62 209
62 261
62 299
63 42
63 89
63 91
63 170
63 175
63 234
64 32
64 54
64 110
64 222
64 235
64 239
65 4
65 22
65 28
65 31
65 59
65 72
65 83
65 90
65 142
65 149
65 189
65 224
65 246
65 263
65 265
66 32
66 50
66 221
66 276
66 283
67 55
67 120
67 136
67 150
67 195
67 253
68 211
68 240
69 13
69 78
69 127
69 239
70 16
70 21
70 35
70 238
70 266
71 8
71 9
71 42
71 90
71 95
71 129
71 170
71 175
71 189
72 52
72 60
72 65
72 134
72 178
72 240
72 300
73 62
73 94
73 120
73 201
73 299
74 30
74 79
74 125
74 232
74 233
74 254
75 4
76 25
76 49
76 94
76 101
76 209
76 247
77 102
77 143
78 69
78 110
78 158
78 236
79 74
79 88
79 125
79 167
79 190
79 228
79 282
80 53
80 54
80 248
81 137
81 165
81 221
82 18
82 61
82 223
82 264
82 266
83 65
83 103
83 169
83 267
84 42
84 58
84 278
85 16
85 26
85 39
85 49
85 55
85 117
85 131
85 180
85 280
86 298
87 146
87 170
87 259
88 13
88 22
88 32
88 41
88 57
88 79
88 106
88 107
88 110
88 116
88 137
88 153
88 161
88 172
88 186
88 203
88 236
88 257
88 268
88 276
88 282
89 63
89 274
90 65
90 71
90 130
90 142
90 265
90 267
91 63
91 115
91 195
91 228
91 283
92 35
92 39
94 55
94 73
94 76
94 214
94 243
95 30
95 61
95 71
95 110
95 156
95 282
96 14
96 147
96 201
97 24
97 54
97 62
98 142
98 175
99 58
99 284
100 8
100 28
100 46
100 205
100 220
101 76
101 129
101 168
101 191
101 209
101 230
101 280
102 51
102 77
102 165
102 287
103 10
103 83
103 130
103 206
103 250
103 265
104 147
104 274
105 114
105 123
105 124
105 155
105 165
105 174
105 194
105 202
105 271
105 288
106 88
106 158
106 236
107 26
107 37
107 38
107 88
107 246
107 261
109 138
109 178
109 201
109 213
109 217
109 286
110 30
110 32
110 64
110 78
110 88
110 95
110 144
110 181
110 200
110 211
110 236
110 276
111 1
111 36
111 135
111 193
111 280
111 296
112 127
112 300
113 231
113 276
114 12
114 18
114 29
114 105
114 124
114 188
114 199
114 229
114 242
114 258
115 13
115 91
115 116
115 164
116 23
116 88
116 115
116 156
116 159
116 172
116 236
116 269
116 282
116 288
117 28
117 85
117 164
117 219
118 35
118 121
119 50
119 151
119 210
120 25
120 39
120 67
120 73
120 238
121 21
121 118
122 61
122 275
122 280
123 11
123 12
123 19
123 105
123 143
123 194
123 200
123 298
124 19
124 105
124 114
124 242
124 298
125 44
125 74
125 79
125 208
126 203
127 8
127 24
127 30
127 69
127 112
127 160
127 166
127 208
128 2
128 298
129 71
129 101
129 197
129 278
129 291
130 38
130 44
130 90
130 103
130 152
130 199
131 18
131 21
131 39
131 61
131 85
131 133
131 164
131 183
131 196
131 223
131 238
131 293
131 295
133 131
133 154
134 72
134 292
135 25
135 111
135 152
136 16
136 20
136 67
136 168
136 183
136 217
137 16
137 81
137 88
137 151
138 28
138 109
138 142
138 178
138 215
138 240
138 263
138 287
139 258
139 271
139 288
139 290
140 35
140 52
140 265
140 286
141 196
141 297
142 31
142 65
142 90
142 98
142 138
142 169
142 215
142 240
142 265
143 12
143 77
143 123
143 156
143 194
143 199
143 216
143 271
143 288
144 12
144 110
144 194
144 202
144 267
145 25
146 87
147 21
147 39
147 96
147 104
147 201
147 234
147 235
147 245
147 255
147 291
148 27
148 32
148 222
148 236
148 248
149 26
149 39
149 65
150 14
150 33
150 62
150 67
150 191
150 193
150 219
150 247
151 30
151 57
151 119
151 137
151 279
151 283
152 35
152 62
152 130
152 135
152 204
152 249
153 88
153 172
153 187
154 45
154 133
154 171
155 105
155 156
155 200
155 229
155 300
156 12
156 47
156 95
156 116
156 143
156 155
156 221
156 258
156 262
156 298
157 192
158 78
158 106
158 276
159 116
159 172
159 195
159 232
159 286
160 127
160 164
160 186
160 236
161 38
161 88
162 11
162 295
163 17
163 21
163 38
163 39
163 41
164 54
164 115
164 117
164 131
164 160
164 166
164 248
164 282
165 81
165 102
165 105
165 199
165 202
165 242
165 288
166 127
166 164
167 43
167 79
167 241
168 101
168 136
168 223
168 235
169 5
169 29
169 37
169 51
169 83
169 142
169 246
170 42
170 63
170 71
170 87
170 255
171 15
171 154
172 10
172 88
172 116
172 153
172 159
172 228
172 231
172 260
173 240
174 105
174 290
175 34
175 42
175 52
175 63
175 71
175 98
175 192
176 2
176 181
176 253
177 228
177 231
178 72
178 109
178 138
178 265
180 36
180 85
181 110
181 176
181 187
182 39
182 293
182 296
183 11
183 15
183 17
183 18
183 131
183 136
183 209
183 217
184 201
184 212
184 289
185 46
185 189
186 88
186 160
186 282
187 3
187 153
187 181
187 233
188 114
188 298
189 65
189 71
189 185
189 300
190 79
190 208
191 101
191 150
192 157
192 175
193 39
193 111
193 150
193 261
194 105
194 123
194 143
194 144
195 3
195 61
195 67
195 91
195 159
195 232
195 239
195 244
195 276
196 62
196 131
196 141
197 42
197 129
198 6
198 12
199 29
199 36
199 114
199 130
199 143
199 165
199 287
200 110
200 123
200 155
200 271
200 290
201 34
201 73
201 96
201 109
201 147
201 184
201 218
201 234
201 300
202 105
202 144
202 165
202 290
203 88
203 126
203 233
203 257
204 152
204 249
205 12
205 100
206 103
206 240
208 125
208 127
208 190
209 39
209 62
209 76
209 101
209 183
210 119
211 28
211 68
211 110
211 286
212 184
212 220
212 225
213 109
214 16
214 17
214 39
214 94
215 45
215 138
215 142
216 10
216 28
216 143
216 270
217 11
217 39
217 109
217 136
217 183
218 201
218 233
219 2
219 61
219 117
219 150
219 285
220 32
220 100
220 212
220 236
220 271
221 29
221 66
221 81
221 156
221 229
221 298
222 64
222 148
222 248
223 39
223 82
223 131
223 168
223 295
224 37
224 46
224 53
224 60
224 65
224 240
224 246
225 212
225 272
226 296
228 79
228 91
228 172
228 177
228 277
229 12
229 44
229 114
229 155
229 221
229 236
229 263
230 101
231 113
231 172
231 177
231 237
231 239
231 292
232 8
232 74
232 159
232 195
233 3
233 74
233 187
233 203
233 218
234 34
234 63
234 147
234 201
235 18
235 38
235 64
235 147
235 168
236 43
236 78
236 88
236 106
236 110
236 116
236 148
236 160
236 220
236 229
236 237
236 254
236 268
236 279
237 40
237 231
237 236
237 279
237 297
238 38
238 70
238 120
238 131
239 23
239 64
239 69
239 195
239 231
240 10
240 28
240 31
240 45
240 52
240 68
240 72
240 138
240 142
240 173
240 206
240 224
240 250
240 256
240 265
240 286
240 294
241 167
242 114
242 124
242 165
243 39
243 94
243 249
244 195
245 147
245 295
246 44
246 46
246 52
246 53
246 65
246 107
246 169
246 224
246 285
247 17
247 76
247 150
248 30
248 50
248 80
248 148
248 164
248 222
248 277
249 38
249 152
249 204
249 243
250 5
250 59
250 103
250 240
250 255
251 53
251 60
252 32
253 39
253 67
253 176
254 74
254 236
255 147
255 170
255 250
255 273
256 52
256 240
256 298
257 88
257 203
257 279
257 295
258 114
258 139
258 156
258 290
259 42
259 87
260 172
261 36
261 39
261 61
261 62
261 107
261 193
261 299
262 156
263 65
263 138
263 229
263 265
264 46
264 82
264 272
265 10
265 31
265 44
265 65
265 90
265 103
265 140
265 142
265 178
265 240
265 263
265 294
266 21
266 70
266 82
267 31
267 52
267 83
267 90
267 144
267 286
268 32
268 88
268 236
269 116
269 271
270 28
270 216
271 105
271 139
271 143
271 200
271 220
271 269
271 287
272 225
272 264
273 9
273 255
274 14
274 89
274 104
274 291
275 18
275 122
275 285
276 8
276 40
276 58
276 66
276 88
276 110
276 113
276 158
276 195
277 228
277 248
278 84
278 129
278 289
278 291
279 24
279 151
279 236
279 237
279 257
280 85
280 101
280 111
280 122
282 3
282 13
282 79
282 88
282 95
282 116
282 164
282 186
283 66
283 91
283 151
283 286
284 99
285 28
285 219
285 246
285 275
285 286
286 109
286 140
286 159
286 211
286 240
286 267
286 283
286 285
286 300
287 29
287 102
287 138
287 199
287 271
288 105
288 116
288 139
288 143
288 165
289 184
289 278
290 29
290 139
290 174
290 200
290 202
290 258
291 129
291 147
291 274
291 278
292 134
292 231
293 131
293 182
294 39
294 240
294 265
295 61
295 131
295 162
295 223
295 245
295 257
296 15
296 48
296 111
296 182
296 226
297 141
297 237
298 6
298 12
298 86
298 123
298 124
298 128
298 156
298 188
298 221
298 256
299 62
299 73
299 261
300 60
300 72
300 112
300 155
300 189
300 201
300 286
