Max Likelihood:  -27017.817733230397  
N_real:  1 

Node: 1
0.0
0.0
2.015013545266009
0.015090883794134455
0.10961227309596838

Node: 2
0.14280720756436688
0.09852461842138696
2.0920863998450487
0.0
0.0

Node: 3
0.0
1.0835380861635864
0.0
0.0
1.3032476784744162

Node: 4
0.0
0.0
0.0
2.511995446222735
0.0

Node: 5
0.0
0.0
0.0
1.1260669241688115
0.0

Node: 6
2.3905241183585972
0.0
0.0
0.0
0.758105902434189

Node: 7
0.0
0.19343293628332897
0.0
1.9031303737723242
0.0

Node: 8
0.0
0.8120521777550347
0.10567880929163564
0.0
1.788403961992259

Node: 9
0.23495614514419538
0.0
0.6178041058245511
0.45453412933089743
0.8783664543106245

Node: 10
0.0
0.0
0.0
3.464821305134807
0.0

Node: 11
0.13960366804724966
0.0
2.676779919381876
0.25066057978924433
0.4433260338504743

Node: 12
1.73454711203451
0.0
1.6968183537082764
0.0
0.7007510190259009

Node: 13
0.0
1.257834772425364
0.0
0.0
0.47893493708389145

Node: 14
0.24834907470451795
0.0
0.48844000844228996
1.1678362930530957
0.5195801539707947

Node: 15
0.1379447333294222
0.10272520544622565
0.8307583021405793
0.0
0.0

Node: 16
0.0
0.09952685788726152
1.5709388517848581
0.0
0.0

Node: 17
0.0
0.0
2.9410531219021845
0.0
0.0

Node: 18
0.13897273911270655
0.0
2.2036034933782207
0.0
0.0

Node: 19
3.403475454898183
0.0
0.0
0.0
0.0

Node: 20
0.1644584201877293
0.21993062363265092
2.9752717303006553
0.16541295928310829
0.213320059099085

Node: 21
0.0
0.12215519753426239
4.591289114986133
0.17390706360297253
0.0

Node: 22
0.0
0.102594411715429
0.0
1.899050065383236
0.0

Node: 23
0.1752024869592409
0.7666874356580288
0.0
0.12922723722082302
2.420618542078303

Node: 24
0.0
1.0557404480617385
0.20222914610871967
0.0
0.0

Node: 25
0.0
0.0
2.7309778989091713
0.0
0.0

Node: 26
0.1520834431513896
0.0
2.193487972820558
0.0
0.0

Node: 27
0.0
1.3674525532830721
0.0
0.0
0.7947911778318645

Node: 28
0.0
0.0
0.0
2.6139782044875646
0.14044497602490735

Node: 29
3.6595309271007324
0.10668862975260479
0.0
0.0
0.0

Node: 30
0.0
1.3589174188133668
0.0
0.15527706706717626
0.504036688851729

Node: 31
0.0
0.0
0.8970940743343002
1.4257138721625369
0.0

Node: 32
0.0
2.1006924721315436
0.0
0.0
0.6767067842728505

Node: 33
0.0
0.0
1.260451337958079
0.0
0.0

Node: 34
0.0
0.0
0.0
1.211268815494734
0.8564101051673767

Node: 35
0.0
0.0
2.9410531219021845
0.0
0.0

Node: 36
0.14555358900480664
0.14040148651699652
2.7790890014113265
0.0
0.0

Node: 37
0.0
0.0
0.0
1.2126874567971817
0.0

Node: 38
0.0
0.0
2.836015510405678
0.0
0.0

Node: 39
0.0
0.0006927082973774631
2.888669639849529
0.23062604268392875
0.9951361346527239

Node: 40
0.0
0.7561237645023011
0.0
0.0
0.8652702830555682

Node: 41
0.0
0.10345378698838079
1.7766872169954422
0.0
0.0

Node: 42
0.4340793790278615
0.0
0.0
1.807987448645155
0.33103063314965653

Node: 43
0.0
0.6440850332578661
0.0
0.0
0.8951952981397372

Node: 44
0.17136385307249774
0.0
0.0
1.7966188452274934
0.0

Node: 45
0.0
0.0
0.22181952182218084
1.3927916335610968
0.13810752765613427

Node: 46
0.0
0.0
0.0
1.8190311851957723
0.0

Node: 47
3.131197418506328
0.0
0.0
0.0
0.0

Node: 48
0.0
0.0
0.6182163654973691
2.6085195957484912
0.0

Node: 49
0.0
0.0
1.5755641724475988
0.0
0.0

Node: 50
0.0
0.9244000164445754
0.0
0.0
1.0760762907411001

Node: 51
0.06698795749878235
1.4083544470685243
0.0
0.1090782750479658
3.154115332391625

Node: 52
0.15396361227807226
0.0
0.3347676330258057
1.7914814480102534
0.0

Node: 53
0.0
0.19279342604850908
0.0
1.643849865446257
0.0

Node: 54
0.0
1.4071181389150325
0.0
0.0
0.38230928114604706

Node: 55
0.0
0.10069239711102866
2.8301059489707656
0.0
0.0

Node: 56
0.0
0.5835991016859906
0.0
0.0
2.3693007971015256

Node: 57
0.0
1.2114659275765984
0.0
0.0
2.2692040659721107

Node: 58
0.0
1.2824788117032113
1.1007712364583415
0.0
0.6943363893778272

Node: 59
0.0
0.0
0.0
1.0394463915404413
0.0

Node: 60
0.0
0.48797018150231775
0.07704760262846895
0.8118529652582536
0.8152278126373371

Node: 61
0.0
0.2836526301133558
1.46218139992878
1.8280343863572384
0.0

Node: 62
0.14876717774013093
0.6441351702665291
1.591348665315682
0.0
0.0

Node: 63
0.0
0.0005522913598644387
0.0
1.7319088142459909
0.0

Node: 64
0.0
0.8768111251358546
0.0
0.31919068320196264
1.044368902378489

Node: 65
0.18462560751005944
0.4103804116999156
0.0
2.1948743922368252
0.0

Node: 66
0.0
1.9022479827610992
0.0
0.25650179820613517
0.5265503665917135

Node: 67
0.0
0.21408358886981962
2.705166703090162
0.0
0.0

Node: 68
0.0
0.0
0.0
1.2126874567971815
0.0

Node: 69
0.34752334246826555
1.4977515132271428
0.0
0.4968471443357649
0.0

Node: 70
0.5562205434282287
0.0
1.1464140425200577
0.0
0.0

Node: 71
0.0
0.20472078560738766
0.0
1.5610996630547609
1.336793904074385

Node: 72
0.0
0.0
0.12924079790456838
1.9723128009934037
0.0

Node: 73
0.15296887359053393
0.0
2.5923597184038423
0.0
0.20419777596818725

Node: 74
0.0
1.7055030731622434
0.0
0.0
0.18938354882991962

Node: 75
0.0
0.0
0.0
2.598615978851105
0.0

Node: 76
0.3809010138794186
0.0
1.7124786291297902
0.2510814749729201
0.0

Node: 77
0.3900769941279927
1.491983447228717
0.0
0.0
0.5947704357767226

Node: 78
1.5836372949864606
0.7784841978645741
0.0
0.0
0.20507462244895153

Node: 79
0.15202986535817578
1.9928892090161054
0.0
0.0
0.16695050262691016

Node: 80
0.0
1.3906927493535224
0.0
0.0
0.5824479820317421

Node: 81
2.5866413457226183
0.0
0.0
0.0
0.0

Node: 82
0.0473490998551546
0.09151313299328222
1.920026401453586
0.2089990037984426
0.0

Node: 83
0.0
0.0
0.0
2.2521338483376243
0.0

Node: 84
0.0
0.19533138659098065
0.0
0.9485794921912238
0.0

Node: 85
0.0
0.13684836337402112
3.6589438397208327
0.06322059608281695
0.0

Node: 86
0.6165188546744896
0.0
0.0
1.5789837668137652
1.7486549288963962

Node: 87
0.0
0.0
0.0
1.1034631941100077
0.7274415717607735

Node: 88
0.0
3.1716567169970014
0.0
0.0
1.4903042536339381

Node: 89
0.1902549359940292
0.0
0.0
0.8943296104305842
1.071765615819683

Node: 90
0.0
0.26108764222493425
0.9180928908452953
0.7380575737480856
0.0

Node: 91
0.0
1.242004203879184
0.28018808835523085
0.0
0.7347732986931492

Node: 92
0.32390859889320417
0.0
3.426405788787453
0.0
0.0

Node: 93
0.0
0.0
0.11035770367280079
0.861818048132789
0.0

Node: 94
0.15138471065917145
0.0
0.749848820364865
1.104801374328354
0.34053329071017435

Node: 95
0.28104491439339346
1.9533071408140428
0.0
0.0
1.4418305873038904

Node: 96
0.0
0.0
0.05637055123025566
1.1716518997950127
0.5014247196293035

Node: 97
0.0
1.4410440687152821
0.0
0.0
1.1751661063216625

Node: 98
0.0
0.09815472666667688
0.0
1.1234993817183405
0.0

Node: 99
0.0
1.029014832708994
0.0
0.0
3.1081203677468383

Node: 100
0.14175948992209858
1.4347085811861144
0.0
0.353013460978451
0.9958683484806056

Node: 101
0.0
0.0
2.8215032164636447
0.8781730644396677
0.0

Node: 102
4.086100818963798
0.17793351051198072
0.7477944852441221
0.0
0.0

Node: 103
0.0
0.0
0.0
1.8190311851957732
0.0

Node: 104
0.37217732493295
0.6419761961709417
0.37098003609680613
0.0
0.0

Node: 105
3.009133068392005
0.0
0.05841085413622499
1.155563018902112
0.0

Node: 106
0.0
0.31398318264236846
0.0
1.8802131919353045
0.0

Node: 107
0.15016497847673976
0.0998380897859302
1.8380594253034763
0.9831962235676244
0.0

Node: 108
0.0
0.1951672701557762
2.3058590629544984
0.0
0.0

Node: 109
0.0
0.0
1.4483339003704176
0.45140410823899646
0.0

Node: 110
0.30471968883976513
1.4773095548975894
0.0
0.0
1.0695361023420236

Node: 111
0.0
0.0
1.8906770069371186
0.0
0.0

Node: 112
0.0
0.9532905263785308
0.0
0.0
0.0

Node: 113
0.14372297605511977
0.6537075336955439
0.0
0.0
0.527006403481074

Node: 114
5.309421709641167
0.0
0.0
0.0
0.0

Node: 115
0.0
1.0279423201106914
0.0
0.0
0.7199217244371617

Node: 116
0.7606576288334703
2.21874330075068
0.12371304340009255
0.16399242492584643
0.18216784773551273

Node: 117
0.0
0.09994390572855852
0.6665744684943327
0.5721749766221118
0.0

Node: 118
0.0
0.19881091041635698
2.616957179375038
0.0
0.0

Node: 119
0.15512469945574822
0.8221885804984873
0.0
0.0
0.8938703247379665

Node: 120
0.0
0.09928884982208264
2.6215772141759865
0.0
0.0

Node: 121
0.0
0.19684132830215256
1.3586760109004241
0.0
0.0

Node: 122
0.0
0.0
1.9957146184336252
0.0
0.0

Node: 123
3.2673364367022555
0.0
0.0
0.0
0.0

Node: 124
2.9950584003104006
0.0
0.0
0.0
0.0

Node: 125
0.2875554655200645
1.0072860905854655
0.0
0.451923433772693
1.21283019584537

Node: 126
0.0
1.1433338446201307
0.0
0.0
0.3425466355354748

Node: 127
1.5478270553685172
1.2993865116723993
0.0
0.0
0.0

Node: 128
3.0438568291824715
0.0
0.0
0.0
0.6216964153180056

Node: 129
0.0
0.0
0.0
1.9922722504525137
0.0

Node: 130
0.14028158817593706
0.0
0.3273912812247237
1.3731671794157219
0.0

Node: 131
0.0
0.10113323495532563
2.3044321575703886
0.0
0.0

Node: 132
0.0
0.8031593881516432
0.0
0.0
0.6103123520473077

Node: 133
0.0
0.09923145186627012
3.04179090367505
0.0
0.0

Node: 134
0.0
0.10133128064086874
0.0
1.1206130129823313
0.0

Node: 135
0.0
0.44182239356964664
0.31332689063379093
0.0
3.4797225964770306

Node: 136
0.0
0.0
3.1511283448951977
0.0
0.0

Node: 137
0.2769209669656011
1.4857128329989897
0.0
0.0
0.9186245465375991

Node: 138
0.0
0.0
0.0
1.6444567060194588
0.1733508756477245

Node: 139
3.4001628783852738
0.0
0.0
0.0
0.3455997063127916

Node: 140
0.0
0.10165017977199371
0.11295891101604176
1.2004113834751864
0.0

Node: 141
0.0
0.0
1.9957146184336252
0.0
0.0

Node: 142
0.0
0.0
0.0
2.6852365114794754
0.0

Node: 143
3.9480315276818927
0.0
0.0
0.0
0.0

Node: 144
4.220309564073747
0.0
0.0
0.0
0.0

Node: 145
0.0
0.8395617469733903
0.12932282234931688
0.09096511502963207
2.0335906349456137

Node: 146
0.0
0.0
0.0
1.3911275023896277
0.5019216246637294

Node: 147
0.0
1.9610662874878917
0.3529529394371045
0.9579223522430006
0.34304375825495276

Node: 148
0.0
1.0492821869234092
0.0
0.0
2.7303783593283857

Node: 149
0.0
0.7590890139243143
0.8221330863291244
0.018202009037994987
0.0

Node: 150
0.0
0.0
3.7150568927467855
0.3145343180847541
0.0

Node: 151
0.0
1.7929446525723276
0.0
0.0
0.7156774995881795

Node: 152
0.0
0.24055833494180248
3.5162965919374716
0.0
0.0

Node: 153
0.0
1.8460637485724207
0.0
0.0
1.1327160572679615

Node: 154
0.0
0.49355103362216884
3.1325008467963094
0.0
0.0

Node: 155
3.131197418506328
0.0
0.0
0.0
0.0

Node: 156
4.356448582269675
0.0
0.0
0.0
0.0

Node: 157
2.907826136692901
0.0
0.0
0.1213350526274452
0.040972320481062925

Node: 158
0.0
0.6756984438750201
0.0
0.0
0.8385795000831715

Node: 159
0.0
1.654643398632224
0.0
0.0
0.10974426659163947

Node: 160
0.0
1.3346906638333593
0.0
0.0
0.8534637626883054

Node: 161
0.0
0.10268928510172881
0.9399730474135378
0.0
0.16626226672765562

Node: 162
0.0
0.0
1.2243472640683657
0.0
0.22940454600192411

Node: 163
0.0
0.09635707173365214
3.04495801816228
0.0
0.0

Node: 164
0.0
3.346489801521473
0.0
0.0
0.3235852615245577

Node: 165
1.4581938031930617
0.0
0.0
0.2107899930765897
1.5118269770628872

Node: 166
0.0
1.316118733102194
0.0
0.0
0.8867238462816153

Node: 167
0.0
0.5371858841187221
0.0
0.0
3.306035326536232

Node: 168
0.0
0.0
2.9410531219021845
0.0
0.0

Node: 169
0.14742696657839416
0.0
0.0
1.8984695880120734
0.0

Node: 170
0.0
0.26389716180220013
0.0
1.579241613371737
0.0

Node: 171
0.0
0.10763605262862311
0.5703274909163897
0.8177978200176079
0.0

Node: 172
0.0
1.6501848099208605
0.0
0.13381342214422354
0.7076065362266207

Node: 173
0.0
0.0
0.0
2.511995446222735
0.0

Node: 174
3.8069206118212753
0.09881054016779194
0.0
0.0
0.0

Node: 175
0.0
0.0
0.3003225154537381
1.311505004326881
0.0

Node: 176
0.0
0.0
1.785639395440612
0.0
0.0

Node: 177
0.0
0.3694048069789623
0.0
0.0
0.7042231368551365

Node: 178
0.0
0.0
0.0
1.6457901199390328
0.0

Node: 179
0.0
0.735968655819128
0.0
0.0
1.0720884601659906

Node: 180
0.0
0.0
1.6806017839441054
0.0
0.0

Node: 181
0.0
1.0446324518805192
0.157828814150679
0.0
1.45784163430971

Node: 182
0.0
0.0
1.5755641724475988
0.0
0.0

Node: 183
0.0
0.257352770334755
1.848239642840361
0.8405998504514148
0.0

Node: 184
0.0
0.10843586932134887
0.30053580007127806
1.3860401692620907
0.0

Node: 185
0.0
0.09762228769005139
0.0
0.7962370075218872
1.328855287432718

Node: 186
0.0
2.022895783534329
0.0
0.0
1.1574768783726952

Node: 187
0.0
0.9299471164567314
0.0
0.0
0.8954192918389572

Node: 188
4.356448582269675
0.0
0.0
0.0
0.0

Node: 189
0.0
0.0
0.0
1.4725490546822924
0.0

Node: 190
0.0
0.9482071075941337
0.0
0.0
1.8870547331174758

Node: 191
0.0
0.0
0.883028908825743
0.13800489103981473
0.0

Node: 192
0.2320788443349764
0.0
0.0
1.567773338332271
0.20417655228760287

Node: 193
0.0
0.0
0.3776716368244439
2.3737850430552356
0.0

Node: 194
0.5685263396093354
0.0
0.0
0.9161492265572188
0.3836731152745739

Node: 195
0.0
2.0764812822476193
0.0
0.0
1.4029573520300942

Node: 196
0.0
0.0
2.310827452923145
0.0
0.0

Node: 197
0.0
0.0
0.0
0.5375771754039432
2.1842076663902867

Node: 198
3.675753491290038
0.0
0.0
0.0
0.0

Node: 199
2.858919382114473
0.0
0.0
0.0
0.0

Node: 200
2.7227803639185457
0.0
0.0
0.0
0.0

Node: 201
0.0
0.13152711289455488
0.8876336271554358
0.621039463013498
0.0

Node: 202
2.5534112375302973
0.0
0.0
0.0
0.7245629027499205

Node: 203
0.0
1.246734718450753
0.0
0.0
0.15736816610167162

Node: 204
0.0
0.0
1.5755641724475988
0.0
0.0

Node: 205
2.7227803639185457
0.0
0.0
0.0
0.0

Node: 206
0.0
0.0
0.14701652202407753
0.7449663790012827
0.0

Node: 207
0.0
0.0
0.12698654645576413
0.7858941072001484
2.342009495419031

Node: 208
0.0
0.939028638188312
0.0
0.0
0.19626413138051071

Node: 209
0.0
0.0
1.785639395440612
0.0
0.0

Node: 210
0.0
0.6476738381685457
0.12724865172087652
0.0
1.1941131087926515

Node: 211
0.0
0.4480635280744799
0.0
1.1520376545031508
0.0

Node: 212
0.0
0.06164784498470946
0.09492122396884287
0.7792143840735928
1.6139970051769756

Node: 213
0.0
0.0
0.7961844590936836
0.9025864745137823
0.0

Node: 214
0.0
0.0
0.6598770755546736
0.6650888167740964
1.0310834716297415

Node: 215
0.0
0.0
0.0
2.7718570441078456
0.0

Node: 216
0.13684561101073806
0.0
1.2102466424152394
0.21419339220563832
0.0

Node: 217
0.0
0.0
2.310827452923145
0.0
0.0

Node: 218
0.0
2.8016182311712687
0.0
0.0
1.2993843983937698

Node: 219
0.27643663127185275
0.0
2.3076189027281675
0.0
0.0

Node: 220
0.000226321058125101
1.0725466319931511
0.0
0.15068448585330255
1.1963828061518011

Node: 221
0.7958972594796254
0.0
0.0
1.4858704455388967
0.0

Node: 222
0.0
1.242511502509749
0.0
0.0
0.6770998748706979

Node: 223
0.0
0.0
1.785639395440612
0.0
0.0

Node: 224
0.2762529541862564
0.0
0.0
2.0763636808362236
0.0

Node: 225
0.17237598714069016
0.0
0.0
2.575559653100938
0.0

Node: 226
0.0
0.1546682424740253
1.510181725060784
0.0
0.0

Node: 227
0.0
0.9009875207294721
0.0
0.2813076510823736
2.612241937608449

Node: 228
0.0
1.021989505945999
0.0
0.11170023919620581
2.900548775755857

Node: 229
6.678706511779756
0.18513003057234162
0.0
0.0
0.0

Node: 230
0.0
0.0
1.5755641724475988
0.0
0.0

Node: 231
0.0
1.190688065164223
0.0
0.09291798398828115
0.9282203798605952

Node: 232
0.0
1.0284256380767904
0.0
0.0
0.5483333472409749

Node: 233
0.0
1.1327130687478553
0.11218891451938849
0.0
1.545003487835456

Node: 234
0.0
0.0
0.0
1.905651717824143
0.0

Node: 235
0.14269335825217638
0.0
0.8327925972424797
0.8682268329385457
0.0

Node: 236
0.016462474283062894
3.170907896517622
0.0
0.0
0.4466639368528927

Node: 237
0.0
0.757294774368332
0.10646507641554219
0.0
0.8608530167252838

Node: 238
0.16201605339445424
0.0
1.0882338874363668
0.3854181352245818
0.0

Node: 239
0.0
1.9924041378996122
0.0
0.0
1.2120837309066887

Node: 240
0.27820325656173883
0.0
0.0
3.0279486300312337
0.0

Node: 241
0.0
0.4276397096812271
0.0
0.26553096876324056
0.5887575430821159

Node: 242
2.3143633093307634
0.0
0.0
0.0
0.0

Node: 243
0.0
0.0
1.785639395440612
0.0
0.0

Node: 244
0.0
0.48167646043212364
0.0
0.2788030386285715
2.1730540928301805

Node: 245
0.3450727350892262
0.0
0.5011334960316279
1.552815834472185
0.9846697824152535

Node: 246
0.0
0.0
0.0
2.165513315709254
0.0

Node: 247
0.0
0.0
0.2188377567117877
1.2920818603553992
0.0

Node: 248
0.0
1.6274621733517627
0.0
0.0
1.012036621952774

Node: 249
0.0
0.0
1.5755641724475988
0.0
0.0

Node: 250
0.0
0.0959589575503692
0.0
1.6452177582348346
0.0

Node: 251
0.0
0.0
0.0
1.7144720851687103
0.20607843374883772

Node: 252
0.0
0.3844018081256053
0.47526784715051934
0.231900876650453
0.8136116632582645

Node: 253
0.0
0.0
0.3682496240705044
0.9956264974083323
0.0

Node: 254
0.0
0.21184575478545978
0.14286951940152254
1.493788913569374
0.20014881197256068

Node: 255
0.0
0.0
0.0
1.1292733356185072
0.1644032077608527

Node: 256
4.220309564073747
0.0
0.0
0.0
0.0

Node: 257
0.0
2.3708647292163745
0.0
0.0
1.0464749867393595

Node: 258
1.5102738213398383
0.09779098611459834
0.0
0.0
0.8332228655254226

Node: 259
0.3582163043181581
0.0
0.3756664226383937
0.8070489313151562
0.9347397067184323

Node: 260
0.0
2.523597056128451
0.0
0.0
1.1143954726045648

Node: 261
0.0
0.0
2.310827452923145
0.0
0.0

Node: 262
2.3143633093307634
0.0
0.0
0.0
0.0

Node: 263
0.3306407917985305
0.37774790130411
0.25521440234277504
2.775211876876402
0.1946681505076688

Node: 264
0.0
1.4699951663697273
0.0
0.21250279097651983
0.36304491106556835

Node: 265
0.0
0.8252985024726527
0.453538449575176
1.9944175673045532
0.0

Node: 266
0.0
0.0
2.1007522299301318
0.0
0.0

Node: 267
0.13921038465548394
0.0
0.0
1.210733252909499
0.0

Node: 268
0.14265388193390346
1.8210333295957961
0.0
0.0
1.852263911607831

Node: 269
3.8118925094859653
0.0
0.0
0.0
0.0

Node: 270
0.0
0.0
0.4553534187091669
0.7252159261013593
1.2449996740309655

Node: 271
2.5168229143527983
0.23954728493445177
0.0
0.0
0.0

Node: 272
0.0
0.0
0.0
1.9941098888082562
0.6792694000392836

Node: 273
0.0
0.0
0.0
0.8535315331287934
1.7322072621281979

Node: 274
3.216748580923133
0.0
0.0
0.29789763739608227
0.15919536409942467

Node: 275
0.0
0.0
1.6806017839441054
0.0
0.0

Node: 276
0.0
2.764542526497741
0.0
0.0
0.0

Node: 277
0.0
0.7301519795793465
0.0
0.0
1.0825054243885475

Node: 278
0.0
1.3866393694493637
0.0
0.2945693986868003
1.0334689665805592

Node: 279
0.0
1.2031533559791332
0.0
0.0
1.43047681153087

Node: 280
0.15076322703274336
0.0
2.0894689697259587
0.0
0.0

Node: 281
0.0
0.0
1.4705265609510922
0.0
0.0

Node: 282
0.0
2.2863062271781858
0.0
0.0
0.5150177928168159

Node: 283
0.0
1.7682993704925454
0.6775527062109966
0.0
0.0

Node: 284
0.0
0.18311971002562324
0.0
0.5630956179649376
0.440184882970995

Node: 285
0.0
0.0
0.2846008658080782
2.1906753785272426
0.0

Node: 286
0.0
0.2338433917022446
0.0
1.5927688450110975
0.1978842870166112

Node: 287
0.7233832855894469
0.8411555073970318
0.0
0.08795596925387761
1.510438321635345

Node: 288
1.8720279865684424
0.0
0.0
0.6279247453182379
0.0

Node: 289
0.0
0.00014289827412636237
0.11106488241390575
0.680892305176022
0.35518624488266765

Node: 290
1.7795579218842972
0.0
7.979234293730723e-05
0.340212306109433
0.0

Node: 291
0.28028202937427177
0.5317024821413006
0.0913972394607705
0.5090123723302622
3.8612672344741705

Node: 292
0.0
0.0
0.0
3.378200772506437
0.0

Node: 293
0.0
0.2018688303043503
1.6682493294974396
0.0
0.0

Node: 294
0.0
0.0
0.17732258939533446
1.4995589088363643
0.0

Node: 295
0.0
0.09942832089950526
1.8861602585254553
0.0
0.0

Node: 296
0.0
0.0
1.474500668365114
0.16996376966689924
0.0

Node: 297
0.1501932275409356
0.0
2.5100591969441925
0.0
0.0

Node: 298
3.8118907498877097
1.2321290175966326e-06
0.0
0.0
0.0

Node: 299
0.0
0.0
1.155041110385633
0.0
0.683496883799312

Node: 300
0.27785123076696056
0.10990055815721012
0.0
1.1092805277733953
0.0

