Node: 1
0.0
0.0
0.04306173814575253
0.0
0.0025335079836632237

Node: 2
0.0035654745064534676
0.0021200088948587752
0.04428278547451453
0.0
0.0

Node: 3
0.0
0.023320796731048546
0.0
0.0
0.030475678998067943

Node: 4
0.0
0.0
0.0
0.049120920092685746
0.0

Node: 5
0.0
0.0
0.0
0.022019722800169485
0.0

Node: 6
0.059557655615618
0.0
0.0
0.0
0.017695052843153328

Node: 7
0.0
0.004162361668155968
0.0
0.03721481764047255
0.0

Node: 8
0.0
0.017474958634072755
0.0022371887008134222
0.0
0.04183208279315859

Node: 9
0.005591855314590386
0.0
0.01314049636453739
0.00993365313660564
0.018275614845996005

Node: 10
0.0
0.0
0.0
0.0677529932312907
0.0

Node: 11
0.003481948371698975
0.0
0.056663691282130633
0.004907109584654357
0.010355877639213126

Node: 12
0.043253894937808096
0.0
0.03588096151617258
0.0
0.016390005423509643

Node: 13
0.0
0.027071610161144344
0.0
0.0
0.01119295922940311

Node: 14
0.005968756638264249
0.0
0.010361704529150726
0.022820724860666303
0.012406010339019922

Node: 15
0.0034348603548539068
0.00221042154967986
0.017587007716261004
0.0
0.0

Node: 16
0.0
0.00214557368070005
0.03325212810004184
0.0
0.0

Node: 17
0.0
0.0
0.062261376368729124
0.0
0.0

Node: 18
0.0034829721582210938
0.0
0.04663499204666791
0.0
0.0

Node: 19
0.08474790368800665
0.0
0.0
0.0
0.0

Node: 20
0.004099502934341883
0.004734137135172788
0.06297715507933524
0.0032354374703954876
0.00499503395665549

Node: 21
0.0
0.002626370006702088
0.09717893962699868
0.0034158358974509164
0.0

Node: 22
0.0
0.002207693342677578
0.0
0.03713501704656627
0.0

Node: 23
0.004358552260935718
0.016503251382734986
0.0
0.0025277004349728203
0.05661514958497114

Node: 24
0.0
0.022717498366428387
0.004281305896638446
0.0
0.0

Node: 25
0.0
0.0
0.05781413519953418
0.0
0.0

Node: 26
0.0037884397760072075
0.0
0.04643462010433123
0.0
0.0

Node: 27
0.0
0.02942481557446006
0.0
0.0
0.018592277034128152

Node: 28
0.0
0.0
0.0
0.051117007869330655
0.0032808809386856356

Node: 29
0.09491765213056745
0.0
0.0
0.0
0.0

Node: 30
0.0
0.02922835142233766
0.0
0.0030307998782837437
0.011829049568046136

Node: 31
0.0
0.0
0.019002528898038277
0.02787059948305358
0.0

Node: 32
0.0
0.04520329067694739
0.0
0.0
0.015829165309947643

Node: 33
0.0
0.0
0.02668344701516961
0.0
0.0

Node: 34
0.0
0.0
0.0
0.023691905208963464
0.02001865279265487

Node: 35
0.0
0.0
0.062261376368729124
0.0
0.0

Node: 36
0.003624026436949873
0.0030727211866628853
0.058776982489383206
0.0
0.0

Node: 37
0.0
0.0
0.0
0.023713547630951747
0.0

Node: 38
0.0
0.0
0.060037755784131654
0.0
0.0

Node: 39
0.0
2.416618402608315e-05
0.06116303211588702
0.004502310600842905
0.023258650470722887

Node: 40
0.0
0.01629023063169219
0.0
0.0
0.020201746218166214

Node: 41
0.0
0.0022261110323514716
0.037612066803182694
0.0
0.0

Node: 42
0.010815126588248498
0.0
0.0
0.03530440302363343
0.00785371130269038

Node: 43
0.0
0.013864874440886828
0.0
0.0
0.02092994331621535

Node: 44
0.0042587427089853325
0.0
0.0
0.03513619861287932
0.0

Node: 45
0.0
0.0
0.004699258514051794
0.02723306498671023
0.0032300091427081242

Node: 46
0.0
0.0
0.0
0.03557032144642762
0.0

Node: 47
0.07796807139296612
0.0
0.0
0.0
0.0

Node: 48
0.0
0.0
0.013056487285636348
0.05103202128739513
0.0

Node: 49
0.0
0.0
0.03335430876896201
0.0
0.0

Node: 50
0.0
0.019889979599639743
0.0
0.0
0.025174273001228965

Node: 51
0.0016841781400662576
0.03017382280978492
0.0
0.0021297054542230814
0.07402523971461213

Node: 52
0.0038334719713205368
0.0
0.007090187056895092
0.03502927418741503
0.0

Node: 53
0.0
0.004148605038656903
0.0
0.03214470238137254
0.0

Node: 54
0.0
0.030279600420501512
0.0
0.0
0.008941117551305998

Node: 55
0.0
0.0021666587960981363
0.0599127188561771
0.0
0.0

Node: 56
0.0
0.012560826503566077
0.0
0.0
0.055416887233423306

Node: 57
0.0
0.02591135575432179
0.0
0.0
0.05338701420079387

Node: 58
0.0
0.02758936448481727
0.023235291459264656
0.0
0.016377723342886195

Node: 59
0.0
0.0
0.0
0.020325897969387215
0.0

Node: 60
0.0
0.010500665273391744
0.0016461111370783812
0.015897006271346367
0.01899097854069461

Node: 61
0.0
0.006102672957895388
0.030920225062037943
0.03577296697464679
0.0

Node: 62
0.0037037070060063114
0.013858439145706877
0.033691277223761036
0.0
0.0

Node: 63
0.0
0.0022589285039639204
0.0
0.032011236250373186
0.0

Node: 64
0.0
0.018827892926534893
0.0
0.006241236730149013
0.024507592738913155

Node: 65
0.0045956164688689795
0.008827245155983385
0.0
0.042923394926032025
0.0

Node: 66
0.0
0.040901946770506875
0.0
0.004958409890263911
0.012512663839224331

Node: 67
0.0
0.00460566674416523
0.05726883494112875
0.0
0.0

Node: 68
0.0
0.0
0.0
0.023713547630951758
0.0

Node: 69
0.008663855258885597
0.03222516066793098
0.0
0.009713549299082734
0.0

Node: 70
0.013850159724242438
0.0
0.024269275711340004
0.0
0.0

Node: 71
0.0
0.004406699787691378
0.0
0.030459666710116906
0.031425017261964866

Node: 72
0.0
0.0
0.0023100954885179434
0.03889209955575226
0.0

Node: 73
0.003882381110289393
0.0
0.05488617656920847
0.0
0.0046783322520661955

Node: 74
0.0
0.03670733173203081
0.0
0.0
0.004414557562847478

Node: 75
0.0
0.0
0.0
0.05081474492346801
0.0

Node: 76
0.00929910564465295
0.0
0.03644333719878057
0.0048572874744472905
0.0

Node: 77
0.009713103364357031
0.0321078465867261
0.0
0.0
0.013906864541943353

Node: 78
0.03940843426524731
0.016752196819370995
0.0
0.0
0.004825077389817715

Node: 79
0.003782776417765265
0.042884920322402764
0.0
0.0
0.0039056916984405807

Node: 80
0.0
0.029925507345139
0.0
0.0
0.013623996944919597

Node: 81
0.06440840680288505
0.0
0.0
0.0
0.0

Node: 82
0.00037293745188633965
0.0019616593463086464
0.04115934416795022
0.004105210834531236
0.0

Node: 83
0.0
0.0
0.0
0.044039445600338956
0.0

Node: 84
0.0
0.004211971457672512
0.0
0.01713004302755714
0.003328448414754037

Node: 85
0.0
0.0029572976093924465
0.0774600342235404
0.001225046666485367
0.0

Node: 86
0.015383398910675111
0.0
0.0
0.030876201805700124
0.04086704425394889

Node: 87
0.0
0.0
0.0
0.02152796143985786
0.017133525382487483

Node: 88
0.0
0.06825177607221877
0.0
0.0
0.034854408477260415

Node: 89
0.004468136753732144
0.0
0.0
0.01753401421273535
0.02527983300819414

Node: 90
0.0
0.005617182775356856
0.01943739398549039
0.014431955673596853
0.0

Node: 91
0.0
0.024364951234541632
0.0058753724864972654
0.0018739112264663665
0.017466401135890375

Node: 92
0.007228226597314274
0.0
0.07308535437618383
0.0
0.0

Node: 93
0.0
0.0
0.0023388944804926073
0.016850439358507906
0.0

Node: 94
0.0037835643641906534
0.0
0.015904634105100755
0.021573046780550626
0.007967085891147745

Node: 95
0.006997862880519795
0.042050957476569194
0.0
0.0
0.03368990099520612

Node: 96
0.0
0.0
0.001222057833201384
0.022770798693074135
0.012008529611666464

Node: 97
0.0
0.03101426542353814
0.0
0.0
0.027478486443361875

Node: 98
0.0
0.0021121170056577574
0.0
0.021969513620774997
0.0

Node: 99
0.0
0.022134364270175788
0.0
0.0
0.07272069782571351

Node: 100
0.0035366068221163987
0.030914781175350722
0.0
0.006903735040497192
0.02320301575153629

Node: 101
0.0
0.0
0.05979052654648254
0.017126573161678642
0.0

Node: 102
0.10175954258334949
0.003831025862377335
0.015819047185394768
0.0
0.0

Node: 103
0.0
0.0
0.0
0.035570321446427626
0.0

Node: 104
0.009006056974188771
0.013951318561234854
0.007876305698568476
0.0
0.0

Node: 105
0.07684550124950804
0.0
0.0
0.02258063259868324
0.0

Node: 106
0.0
0.0067563454858527595
0.0
0.03676671757419994
0.0

Node: 107
0.003739699763245123
0.0021483350766558188
0.03889662365877662
0.019236844172736956
0.0

Node: 108
0.0
0.004199399275518067
0.04881474642204352
0.0
0.0

Node: 109
0.0
0.0
0.03066139625647867
0.008826603449545167
0.0

Node: 110
0.00761219097919377
0.03177995684070706
0.0
0.0
0.025007257448834565

Node: 111
0.0
0.0
0.04002517052275442
0.0
0.0

Node: 112
0.0
0.020513110460145364
0.0
0.0
0.0

Node: 113
0.00358131736766202
0.014120668403034619
0.0
0.0
0.012219426750508034

Node: 114
0.13220672975329037
0.0
0.0
0.0
0.0

Node: 115
0.0
0.0221196068252304
0.0
0.0
0.016840073587803497

Node: 116
0.018965779668309344
0.04776172128312199
0.0026189344825897506
0.0031773842334484135
0.004265418118580127

Node: 117
0.0
0.0021505220743145976
0.014110979309725654
0.011188878169611312
0.0

Node: 118
0.0
0.004277695370530569
0.055400735231334576
0.0
0.0

Node: 119
0.0038699584534130785
0.017695633617734463
0.0
0.0
0.020893691671462173

Node: 120
0.0
0.00213626830544737
0.05549842097011728
0.0
0.0

Node: 121
0.0
0.004235692501175526
0.028762819314479604
0.0
0.0

Node: 122
0.0
0.0
0.04224879110735189
0.0
0.0

Node: 123
0.08135798754048638
0.0
0.0
0.0
0.0

Node: 124
0.07457815524544585
0.0
0.0
0.0
0.0

Node: 125
0.00750321938932913
0.021544104340516276
0.0
0.008708874925879424
0.02852359382307132

Node: 126
0.0
0.024583373927937267
0.0
0.0
0.008050046899440532

Node: 127
0.0385097303184923
0.027979711489265653
0.0
0.0
0.0

Node: 128
0.07575439037418293
0.0
0.0
0.0
0.014588425425130494

Node: 129
0.0
0.0
0.0
0.03895797110799215
0.0

Node: 130
0.003493181740822848
0.0
0.006931088426338082
0.026851373473568998
0.0

Node: 131
0.0
0.002176112857746985
0.04878436773307828
0.0
0.0

Node: 132
0.0
0.017279281816210076
0.0
0.0
0.014282720175120035

Node: 133
0.0
0.0021351161176014714
0.06439415227980112
0.0
0.0

Node: 134
0.0
0.002169141297810816
0.0
0.021922427069861965
0.0

Node: 135
0.0
0.009519112152832236
0.006632700924021015
0.0
0.08137470731144239

Node: 136
0.0
0.0
0.06670861753792405
0.0
0.0

Node: 137
0.006414287947798773
0.03194383841703463
0.0
0.0
0.022105886746212777

Node: 138
0.0
0.0
0.0
0.032156763046888755
0.004054610252333335

Node: 139
0.08466554256745104
0.0
0.0
0.0
0.0080840769682376

Node: 140
0.0
0.0021875136669850027
0.0023930852123055686
0.023471993025254236
0.0

Node: 141
0.0
0.0
0.04224879110735189
0.0
0.0

Node: 142
0.0
0.0
0.0
0.052508569754250285
0.0

Node: 143
0.09830756827808772
0.0
0.0
0.0
0.0

Node: 144
0.10508740057312825
0.0
0.0
0.0
0.0

Node: 145
0.0
0.01806589594122738
0.002739332301884324
0.0017771076114698043
0.04757050367366479

Node: 146
0.0
0.0
0.0
0.02718380612875294
0.011785809329729844

Node: 147
0.0
0.042193937024863286
0.007424146753914639
0.018862786347525078
0.007810428745528683

Node: 148
0.0
0.022540308937866353
0.0
0.0
0.06394334761408445

Node: 149
0.0
0.016336835069162677
0.017401362174890148
0.00035607062847580037
0.0

Node: 150
0.0
0.0
0.07864160224250487
0.006154569777191255
0.0

Node: 151
0.0
0.038578991186343496
0.0
0.0
0.01674488208297482

Node: 152
0.0
0.0051763561031026905
0.07443917251676282
0.0
0.0

Node: 153
0.0
0.03971087104277627
0.0
0.0
0.02652189610614094

Node: 154
0.0
0.010619739181142075
0.06631492623929706
0.0
0.0

Node: 155
0.07796807139296612
0.0
0.0
0.0
0.0

Node: 156
0.10847731672064852
0.0
0.0
0.0
0.0

Node: 157
0.07794439638949342
0.0
0.0
0.0
2.7890579397197133e-05

Node: 158
0.0
0.014552829635448183
0.0
0.0
0.019590621089355397

Node: 159
0.0
0.03692359882826166
0.0
0.0
0.0

Node: 160
0.0
0.028719225350353383
0.0
0.0
0.019965931419867196

Node: 161
0.0
0.002209693130250461
0.01989899266298478
0.0
0.003889191856414391

Node: 162
0.0
0.0
0.02593047197313951
0.0
0.005345835543970513

Node: 163
0.0
0.002071848638399006
0.06446273420908168
0.0
0.0

Node: 164
0.0
0.07201059288894283
0.0
0.0
0.007569056977072861

Node: 165
0.036305075043190596
0.0
0.0
0.004124459405111048
0.0353637680823897

Node: 166
0.0
0.028279162020008217
0.0
0.0
0.020822653782335998

Node: 167
0.0
0.011560884459996592
0.0
0.0
0.07733121699553808

Node: 168
0.0
0.0
0.062261376368729124
0.0
0.0

Node: 169
0.0036693053574075388
0.0
0.0
0.03712454507158542
0.0

Node: 170
0.0
0.005623007401438601
0.0
0.03092724716535554
0.0

Node: 171
0.0
0.0023161733553596895
0.01207203997580634
0.015992890336688832
0.0

Node: 172
0.0
0.03551218771183516
0.0
0.0026138710601538895
0.016552669051465546

Node: 173
0.0
0.0
0.0
0.04912092009268574
0.0

Node: 174
0.09478605261545604
0.0021309447381917383
0.0
0.0
0.0

Node: 175
0.0
0.0
0.006378937056969191
0.025629743716804605
0.0

Node: 176
0.0
0.0
0.03780154993815695
0.0
0.0

Node: 177
0.0
0.00795432763585102
0.0
0.0
0.01646258958745767

Node: 178
0.0
0.0
0.0
0.032182671784863094
0.0

Node: 179
0.0
0.015845169130556627
0.0
0.0
0.025061724404758616

Node: 180
0.0
0.0
0.03557792935355948
0.0
0.0

Node: 181
0.0
0.02248000332127279
0.003327135959554574
0.0
0.03412420907928756

Node: 182
0.0
0.0
0.03335430876896201
0.0
0.0

Node: 183
0.0
0.0055397463813461716
0.039125078166973894
0.01643721264369157
0.0

Node: 184
0.0
0.0023325555955836337
0.0064051213725900445
0.027071391378187953
0.0

Node: 185
0.0
0.0020995752341769203
0.0
0.015542366747359619
0.03115178106109281

Node: 186
0.0
0.04353474891129936
0.0
0.0
0.02706455983933424

Node: 187
0.0
0.020011498297502213
0.0
0.0
0.020944173142745597

Node: 188
0.10847731672064852
0.0
0.0
0.0
0.0

Node: 189
0.0
0.0
0.0
0.028795022123298552
0.0

Node: 190
0.0
0.020398238962641386
0.0
0.0
0.044152412031198615

Node: 191
0.0
0.0
0.018687161120763827
0.002703455851577847
0.0

Node: 192
0.0
0.0
0.0
0.0336088565359475
0.004624539451989035

Node: 193
0.0
0.0
0.007994277719391991
0.04641899395203365
0.0

Node: 194
0.01412725666006084
0.0
0.0
0.017929364734210744
0.008975166304508755

Node: 195
0.0
0.04472334962189322
0.0
0.0
0.03273762348730883

Node: 196
0.0
0.0
0.0489196528611443
0.0
0.0

Node: 197
0.0
0.0
0.0
0.010487192023402458
0.051151362204152256

Node: 198
0.09152773598304718
0.0
0.0
0.0
0.0

Node: 199
0.07118823909792558
0.0
0.0
0.0
0.0

Node: 200
0.06779832295040532
0.0
0.0
0.0
0.0

Node: 201
0.0
0.002832770148478097
0.018786759452710904
0.012145264010135378
0.0

Node: 202
0.06364174614331605
0.0
0.0
0.0
0.016877273631920136

Node: 203
0.0
0.026830727501292673
0.0
0.0
0.0036748628522771483

Node: 204
0.0
0.0
0.03335430876896201
0.0
0.0

Node: 205
0.06779832295040532
0.0
0.0
0.0
0.0

Node: 206
0.0
0.0
0.003110047969196305
0.014569194651979549
0.0

Node: 207
0.0
0.0
0.002681381453173321
0.01524860327863886
0.055077381067484645

Node: 208
0.0
0.020170517439893267
0.0
0.0
0.004660490901541362

Node: 209
0.0
0.0
0.03780154993815695
0.0
0.0

Node: 210
0.0
0.013952145742993164
0.0026932396728208403
0.0
0.027903677412336365

Node: 211
0.0
0.009641590858141046
0.0
0.02252751606011805
0.0

Node: 212
0.0
0.0013308223537937462
0.0020083893891871744
0.015207531746328993
0.03781791203322424

Node: 213
0.0
0.0
0.016856467580974772
0.017648570359366712
0.0

Node: 214
0.0
0.0
0.01386648952307041
0.013376127290643825
0.023430045568621695

Node: 215
0.0
0.0
0.0
0.054202394585032544
0.0

Node: 216
0.003407495428290892
0.0
0.02562061183711258
0.004188471919761692
0.0

Node: 217
0.0
0.0
0.0489196528611443
0.0
0.0

Node: 218
0.0
0.060264291995852835
0.0
0.0
0.030436944295710186

Node: 219
0.0068925724604116815
0.0
0.04884570078046715
0.0
0.0

Node: 220
2.6966738002831273e-06
0.023078807987709306
0.0
0.002949987301541612
0.02798195954833631

Node: 221
0.01981818307009112
0.0
0.0
0.029055504756526632
0.0

Node: 222
0.0
0.02676583324872052
0.0
0.0
0.015781775940661897

Node: 223
0.0
0.0
0.03780154993815695
0.0
0.0

Node: 224
0.006895352656543251
0.0
0.0
0.040594074376275775
0.0

Node: 225
0.004285402998453159
0.0
0.0
0.05036730085767345
0.0

Node: 226
0.0
0.003324389262547726
0.03197429234795856
0.0
0.0

Node: 227
0.0
0.019376504432505964
0.0
0.005549244133805601
0.061012783486244726

Node: 228
0.0
0.022006135867687095
0.0
0.0021697188763513883
0.0678547957887824

Node: 229
0.1662618238963786
0.004008263886649215
0.0
0.0
0.0

Node: 230
0.0
0.0
0.03335430876896201
0.0
0.0

Node: 231
0.0
0.025621998467096202
0.0
0.0018169820357981082
0.0217117698351591

Node: 232
0.0
0.02212912381376821
0.0
0.0
0.012828020456680723

Node: 233
0.0
0.024372281803482602
0.0023750220859989285
0.0
0.03614377109963797

Node: 234
0.0
0.0
0.0
0.037264146277209885
0.0

Node: 235
0.002233824743180549
0.0
0.01758660226685177
0.01767005544472834
0.0

Node: 236
0.00044621520377439197
0.0682133684489914
0.0
0.0
0.010442360852243659

Node: 237
0.0
0.016288438620844805
0.002253828972907407
0.0
0.020150981989640625

Node: 238
0.004035601889237002
0.0
0.023048895597800254
0.007527437349501667
0.0

Node: 239
0.0
0.04287454621126486
0.0
0.0
0.02834985306392127

Node: 240
0.006927307092981486
0.0
0.0
0.05921018097897323
0.0

Node: 241
0.0
0.009202511451227746
0.0
0.005191546065196984
0.01377308988983493

Node: 242
0.057628574507844525
0.0
0.0
0.0
0.0

Node: 243
0.0
0.0
0.03780154993815695
0.0
0.0

Node: 244
0.0
0.010367937085647568
0.0
0.005455436089672776
0.050817300933779945

Node: 245
0.00816939954978146
0.0
0.010654827723621694
0.030543890279538355
0.023026404471153807

Node: 246
0.0
0.0
0.0
0.04234562076955669
0.0

Node: 247
0.0
0.0
0.004620779240121059
0.0252751812526506
0.0

Node: 248
0.0
0.035022554147382305
0.0
0.0
0.023668610855378035

Node: 249
0.0
0.0
0.03335430876896201
0.0
0.0

Node: 250
0.0
0.002064872570433076
0.0
0.03217147365533125
0.0

Node: 251
0.0
0.0
0.0
0.03352654083725476
0.0048186149075777

Node: 252
0.0
0.008270247894455377
0.010058454998059957
0.004537294924937668
0.019033642673646746

Node: 253
0.0
0.0
0.007793497745357985
0.019470739165940592
0.0

Node: 254
0.0
0.004552673745504559
0.0030339656252753827
0.029202487510531814
0.004694858751507666

Node: 255
0.0
0.0
0.0
0.022083896732124485
0.003842222633873836

Node: 256
0.10508740057312825
0.0
0.0
0.0
0.0

Node: 257
0.0
0.04978610704870341
0.0
0.0
0.026874891285151064

Node: 258
0.03760551013794691
0.002104251488095968
0.0
0.0
0.01949178466817512

Node: 259
0.009066926037871967
0.0
0.008003221400448637
0.01557623181943435
0.022085179918058834

Node: 260
0.0
0.05433007514025917
0.0
0.0
0.02601567180170971

Node: 261
0.0
0.0
0.0489196528611443
0.0
0.0

Node: 262
0.057628574507844525
0.0
0.0
0.0
0.0

Node: 263
0.008228179033390879
0.008127192656609045
0.005402542517668318
0.05427420739508875
0.004547770660539152

Node: 264
0.0
0.03163626980795836
0.0
0.004151948297459395
0.008491472680984815

Node: 265
0.0
0.017758581869158352
0.009602123347829675
0.03899959771506607
0.0

Node: 266
0.0
0.0
0.04447241169194936
0.0
0.0

Node: 267
0.003466415965361416
0.0
0.0
0.023675323295785096
0.0

Node: 268
0.0
0.04172470870507203
0.0
0.0
0.04256895111136052

Node: 269
0.09491765213056745
0.0
0.0
0.0
0.0

Node: 270
0.0
0.0
0.00963875343101859
0.014175645937481635
0.029137852143247406

Node: 271
0.06269331621683318
0.005140460230490795
0.0
0.0
0.0

Node: 272
0.0
0.0
0.0
0.03895726543910079
0.015975764972926614

Node: 273
0.0
0.0
0.0
0.016582051874630244
0.04077505622340766

Node: 274
0.08312193763925159
0.0
0.0
0.004273065856644954
0.0038214683095551955

Node: 275
0.0
0.0
0.03557792935355948
0.0
0.0

Node: 276
0.0
0.0594880203344216
0.0
0.0
0.0

Node: 277
0.0
0.01565932442452104
0.0
0.0
0.025423529864627877

Node: 278
0.0
0.029770350645931015
0.0
0.005818733283044837
0.024168401757269444

Node: 279
0.0
0.025889333765568234
0.0
0.0
0.03346226043775907

Node: 280
0.0037552367310644723
0.0
0.04423277910689552
0.0
0.0

Node: 281
0.0
0.0
0.031130688184364545
0.0
0.0

Node: 282
0.0
0.04919080557943933
0.0
0.0
0.01205973253116678

Node: 283
0.0
0.03805829522627784
0.014335333522698173
0.0
0.0

Node: 284
0.0
0.003940354941885868
0.0
0.011023352913601465
0.010267908659886882

Node: 285
0.0
0.0
0.0060258748354839985
0.04283693429009522
0.0

Node: 286
0.0
0.005010777662376829
0.0
0.031162431005216467
0.004630931822482953

Node: 287
0.01745748444242398
0.018218085747655603
0.0
0.0017312142089553205
0.03572969946900324

Node: 288
0.0464819889172282
0.0
0.0
0.012344865834571192
0.0

Node: 289
0.0
4.0137470154204006e-05
0.002348904887302252
0.01323841505868093
0.00841993944150218

Node: 290
0.04431676104402958
0.0
1.8038285211554822e-06
0.006650082564536683
0.0

Node: 291
0.006963146917989122
0.011421434250227892
0.0018615402283941927
0.011031370759877054
0.0879701264389387

Node: 292
0.0
0.0
0.0
0.06605916840050843
0.0

Node: 293
0.0
0.004343831010935719
0.03531645895475702
0.0
0.0

Node: 294
0.0
0.0
0.0037604736274315883
0.02931816169273397
0.0

Node: 295
0.0
0.0021394613447491776
0.039929615624249105
0.0
0.0

Node: 296
0.0
0.0
0.03145812543096074
0.0031382270115632963
0.0

Node: 297
0.0037635589313238043
0.0
0.05312180248553522
0.0
0.0

Node: 298
0.09491765213056745
0.0
0.0
0.0
0.0

Node: 299
0.0
0.0
0.02445083128988244
0.0
0.015990256098887906

Node: 300
0.006918716079566151
0.0023653025908401027
0.0
0.021691055747097128
0.0

