72 1
72 7
72 10
72 31
72 138
72 140
1 72
1 92
1 266
1 297
92 1
92 33
92 49
92 58
92 85
92 118
92 154
92 176
92 217
92 291
266 1
266 17
266 118
266 163
266 216
266 230
266 261
297 1
297 9
297 12
297 101
297 111
297 131
297 163
297 174
297 204
297 207
297 235
39 2
39 95
39 125
2 39
2 154
2 248
154 2
154 21
154 26
154 36
154 73
154 92
154 117
154 121
154 141
154 213
154 217
154 249
154 280
154 296
248 2
248 23
248 32
248 166
248 186
248 239
248 252
66 3
66 69
66 77
66 100
66 134
66 135
66 137
66 177
66 179
66 186
66 218
66 239
66 257
66 268
3 66
3 79
3 99
79 3
79 40
79 77
79 203
99 3
99 34
99 77
99 110
99 113
99 187
7 4
7 10
7 61
7 72
7 83
7 98
7 138
7 193
7 240
7 270
4 7
4 31
4 37
4 45
4 53
4 86
4 140
4 142
4 213
4 215
4 224
4 225
4 250
4 263
4 292
31 4
31 22
31 44
31 61
31 68
31 72
31 86
31 103
31 107
31 292
31 294
37 4
37 10
37 83
37 103
37 263
45 4
45 130
45 173
45 292
53 4
53 61
53 142
53 189
53 213
53 247
53 292
86 4
86 10
86 31
86 48
86 52
86 59
86 90
86 98
86 107
86 193
86 194
86 211
86 215
86 225
86 241
86 250
86 263
86 294
86 296
140 4
140 10
140 48
140 72
140 93
140 137
140 292
142 4
142 53
142 68
142 103
142 178
142 213
142 250
142 288
142 292
213 4
213 53
213 142
213 154
213 215
213 224
213 225
215 4
215 22
215 44
215 46
215 86
215 106
215 107
215 173
215 183
215 206
215 213
215 224
215 240
215 246
215 263
215 288
215 292
224 4
224 183
224 193
224 213
224 215
224 251
224 258
224 285
225 4
225 44
225 86
225 130
225 173
225 213
225 229
250 4
250 10
250 44
250 86
250 107
250 142
250 193
250 288
263 4
263 37
263 86
263 106
263 215
292 4
292 23
292 31
292 45
292 53
292 61
292 103
292 106
292 138
292 140
292 142
292 169
292 183
292 194
292 215
292 240
292 246
292 247
292 267
292 294
48 5
48 86
48 138
48 140
48 182
48 254
5 48
5 194
194 5
194 86
194 106
194 277
194 292
102 6
102 47
102 81
102 105
102 114
102 123
102 124
102 128
102 143
102 188
102 198
102 200
102 229
102 256
102 269
102 271
102 274
102 298
6 102
6 123
6 124
6 188
6 269
6 271
6 274
123 6
123 102
123 114
123 128
123 139
123 188
123 199
123 229
123 274
124 6
124 102
124 139
124 144
124 200
124 256
188 6
188 19
188 29
188 42
188 47
188 102
188 123
188 128
188 139
188 156
188 174
188 205
188 229
188 271
188 274
269 6
269 29
269 47
269 102
269 105
269 114
269 128
269 144
269 229
269 256
269 290
271 6
271 47
271 102
271 128
271 188
274 6
274 102
274 114
274 123
274 128
274 188
274 198
274 229
274 256
274 262
10 7
10 37
10 46
10 60
10 61
10 72
10 75
10 82
10 86
10 98
10 100
10 106
10 140
10 169
10 183
10 193
10 206
10 246
10 250
10 253
10 255
10 272
10 288
61 7
61 10
61 30
61 31
61 44
61 53
61 83
61 103
61 106
61 240
61 241
61 253
61 288
61 292
61 300
83 7
83 37
83 61
83 94
83 107
83 193
83 270
98 7
98 10
98 86
98 169
138 7
138 48
138 72
138 130
138 272
138 292
193 7
193 10
193 44
193 83
193 86
193 106
193 107
193 224
193 250
240 7
240 46
240 59
240 61
240 106
240 211
240 215
240 292
270 7
270 83
270 94
270 211
40 8
40 79
40 172
40 257
40 268
8 40
8 145
8 166
8 182
145 8
145 74
145 160
145 172
145 233
145 282
166 8
166 125
166 148
166 159
166 248
166 264
166 276
182 8
182 12
182 25
182 48
182 150
182 163
58 9
58 12
58 18
58 25
58 26
58 36
58 92
58 109
58 136
58 196
58 209
9 58
9 108
9 133
9 136
9 296
9 297
108 9
108 36
108 41
108 55
108 161
108 196
108 245
108 261
133 9
133 38
133 41
133 294
136 9
136 11
136 18
136 21
136 33
136 38
136 55
136 58
136 62
136 117
136 196
136 219
136 261
296 9
296 12
296 35
296 86
296 91
296 121
296 141
296 147
296 154
46 10
46 107
46 215
46 240
46 294
60 10
60 12
60 20
60 116
60 183
60 254
75 10
75 253
75 285
82 10
82 105
82 281
100 10
100 23
100 50
100 65
100 66
100 125
100 132
100 167
100 211
100 257
100 260
106 10
106 22
106 61
106 93
106 173
106 193
106 194
106 215
106 240
106 241
106 246
106 263
106 292
169 10
169 98
169 130
169 150
169 292
183 10
183 28
183 60
183 64
183 68
183 74
183 77
183 215
183 224
183 246
183 272
183 292
206 10
206 215
246 10
246 59
246 106
246 183
246 215
246 267
246 272
246 292
253 10
253 61
253 75
253 211
255 10
272 10
272 138
272 183
272 246
272 247
272 278
288 10
288 44
288 61
288 142
288 215
288 247
288 250
41 11
41 16
41 62
41 108
41 133
41 141
41 230
41 293
11 41
11 129
11 136
11 150
11 168
129 11
129 63
129 89
129 96
129 185
129 214
129 221
150 11
150 12
150 85
150 122
150 141
150 169
150 182
150 184
150 196
150 275
168 11
168 12
168 21
168 55
168 85
168 162
168 175
168 196
168 243
35 12
35 25
35 73
35 122
35 141
35 296
12 35
12 36
12 58
12 60
12 67
12 73
12 111
12 150
12 168
12 182
12 202
12 245
12 296
12 297
36 12
36 21
36 58
36 108
36 154
36 209
36 243
67 12
67 21
67 70
67 149
67 216
73 12
73 35
73 38
73 55
73 76
73 111
73 154
73 163
73 229
111 12
111 73
111 101
111 180
111 217
111 297
202 12
202 89
245 12
245 108
245 201
56 13
56 23
56 80
56 172
56 203
56 277
13 56
13 57
13 91
13 268
57 13
57 119
57 137
57 159
57 181
57 268
57 277
91 13
91 74
91 186
91 268
91 296
268 13
268 30
268 40
268 57
268 64
268 66
268 91
268 121
268 125
268 148
268 218
268 265
268 277
268 282
192 14
14 192
14 221
14 227
14 273
14 284
14 286
14 291
221 14
221 71
221 129
221 146
221 185
221 197
227 14
227 104
227 147
227 170
227 207
227 212
227 214
227 238
227 286
227 291
227 299
273 14
273 291
284 14
284 207
286 14
286 63
286 227
286 234
291 14
291 63
291 71
291 84
291 87
291 92
291 96
291 153
291 197
291 207
291 212
291 227
291 244
291 273
26 15
26 58
26 118
26 154
26 163
26 204
15 26
15 128
128 15
128 29
128 47
128 102
128 123
128 139
128 156
128 188
128 229
128 256
128 262
128 269
128 271
128 274
16 41
25 17
25 35
25 58
25 101
25 141
25 182
25 216
25 235
17 25
17 38
17 121
17 171
17 184
17 230
17 266
38 17
38 73
38 122
38 133
38 136
121 17
121 76
121 154
121 219
121 268
121 296
171 17
171 55
184 17
184 150
184 165
184 191
184 252
230 17
230 41
230 122
230 266
18 58
18 85
18 136
18 152
85 18
85 92
85 150
85 168
85 249
85 295
152 18
152 196
152 203
152 280
105 19
105 47
105 82
105 102
105 269
19 105
19 188
19 199
19 258
199 19
199 123
199 139
199 229
199 242
258 19
258 144
258 224
258 229
258 256
20 60
20 122
20 298
122 20
122 35
122 38
122 109
122 120
122 150
122 230
298 20
298 102
298 114
298 198
298 200
298 229
21 36
21 67
21 136
21 154
21 168
21 180
21 209
21 226
180 21
180 111
180 217
180 243
209 21
209 36
209 58
209 163
209 175
209 196
226 21
22 31
22 93
22 106
22 215
22 294
93 22
93 64
93 106
93 140
93 254
93 294
294 22
294 31
294 46
294 86
294 93
294 103
294 133
294 267
294 292
23 56
23 100
23 125
23 181
23 190
23 233
23 248
23 292
125 23
125 39
125 88
125 97
125 100
125 113
125 127
125 155
125 166
125 195
125 207
125 210
125 260
125 268
181 23
181 57
190 23
190 113
190 151
190 282
233 23
233 95
233 97
233 119
233 145
233 261
126 24
126 159
126 222
126 231
24 126
24 135
24 232
24 278
135 24
135 43
135 66
135 97
135 165
135 186
135 237
232 24
232 54
232 115
232 119
232 165
278 24
278 77
278 95
278 179
278 218
278 260
278 272
278 293
101 25
101 111
101 163
101 176
101 297
141 25
141 35
141 41
141 55
141 150
141 154
141 249
141 275
141 280
141 296
216 25
216 55
216 67
216 117
216 162
216 217
216 243
216 266
235 25
235 196
235 297
118 26
118 70
118 77
118 92
118 163
118 266
163 26
163 73
163 101
163 118
163 182
163 196
163 209
163 219
163 238
163 243
163 261
163 266
163 289
163 297
204 26
204 117
204 261
204 280
204 297
54 27
54 148
54 232
54 283
27 54
27 95
27 186
27 208
27 222
27 252
27 283
95 27
95 39
95 195
95 233
95 278
186 27
186 43
186 65
186 66
186 91
186 135
186 137
186 159
186 208
186 211
186 237
186 248
186 260
186 287
208 27
208 113
208 186
208 210
222 27
222 74
222 126
222 127
252 27
252 69
252 165
252 184
252 248
252 260
283 27
283 54
283 97
283 228
283 279
52 28
52 86
28 52
28 130
28 183
28 251
130 28
130 45
130 138
130 149
130 169
130 225
251 28
251 224
104 29
104 227
104 259
104 299
29 104
29 128
29 143
29 144
29 157
29 188
29 229
29 262
29 269
143 29
143 102
143 139
143 200
143 229
143 290
144 29
144 81
144 114
144 124
144 198
144 205
144 229
144 256
144 258
144 269
157 29
157 256
229 29
229 47
229 73
229 81
229 102
229 123
229 128
229 139
229 143
229 144
229 174
229 188
229 198
229 199
229 200
229 205
229 225
229 256
229 258
229 262
229 269
229 274
229 298
262 29
262 107
262 128
262 198
262 229
262 256
262 274
30 61
30 247
30 268
247 30
247 53
247 272
247 288
247 292
44 31
44 61
44 193
44 211
44 215
44 225
44 250
44 288
68 31
68 142
68 183
103 31
103 37
103 61
103 142
103 292
103 294
107 31
107 46
107 83
107 86
107 90
107 193
107 215
107 250
107 262
107 300
65 32
65 100
65 116
65 186
32 65
32 78
32 116
32 164
32 187
32 248
78 32
78 210
116 32
116 43
116 60
116 65
116 139
116 160
164 32
164 279
187 32
187 99
187 132
187 220
187 264
33 92
33 136
33 161
161 33
161 49
161 108
34 99
34 147
34 185
34 207
34 244
147 34
147 84
147 227
147 296
185 34
185 129
185 214
185 221
185 299
207 34
207 125
207 214
207 227
207 234
207 284
207 291
207 297
207 299
244 34
244 96
244 170
244 197
244 212
244 291
243 36
243 163
243 168
243 180
243 216
243 261
243 280
172 40
172 56
172 77
172 145
172 237
172 239
172 265
257 40
257 66
257 100
257 195
257 260
257 282
62 41
62 136
293 41
293 55
293 278
114 42
114 47
114 102
114 123
114 144
114 156
114 198
114 256
114 269
114 274
114 298
42 114
42 188
42 256
256 42
256 77
256 81
256 102
256 114
256 119
256 124
256 128
256 139
256 144
256 156
256 157
256 200
256 205
256 229
256 258
256 262
256 269
256 274
43 116
43 119
43 127
43 135
43 186
43 277
43 279
119 43
119 57
119 232
119 233
119 256
127 43
127 94
127 97
127 125
127 151
127 222
277 43
277 56
277 57
277 194
277 195
277 265
277 268
279 43
279 164
279 283
211 44
211 86
211 94
211 100
211 186
211 240
211 253
211 270
173 45
173 106
173 215
173 225
47 102
47 105
47 114
47 128
47 188
47 229
47 242
47 269
47 271
242 47
242 174
242 199
254 48
254 60
254 93
49 92
49 109
49 161
49 191
109 49
109 58
109 122
109 131
109 295
191 49
191 184
191 217
191 249
97 50
97 115
97 125
97 127
97 135
97 170
97 233
97 264
97 265
97 283
50 97
50 100
159 51
159 57
159 126
159 166
159 186
159 276
51 159
189 53
148 54
148 166
148 268
55 73
55 108
55 136
55 141
55 168
55 171
55 216
55 293
80 56
80 151
80 218
203 56
203 74
203 79
203 137
203 152
137 57
137 66
137 140
137 186
137 203
196 58
196 108
196 136
196 150
196 152
196 163
196 168
196 209
196 217
196 235
196 261
59 86
59 240
59 241
59 246
241 59
241 61
241 86
241 106
300 61
300 107
87 63
87 291
63 87
63 129
63 286
63 291
64 93
64 183
64 268
69 66
69 77
69 155
69 165
69 231
69 252
77 66
77 69
77 79
77 99
77 118
77 172
77 183
77 218
77 256
77 278
134 66
177 66
179 66
179 278
218 66
218 77
218 80
218 239
218 264
218 268
218 278
218 287
239 66
239 74
239 120
239 172
239 218
239 248
70 67
70 118
70 162
149 67
149 130
155 69
155 125
165 69
165 135
165 184
165 232
165 252
231 69
231 112
231 126
231 228
162 70
162 168
162 216
146 71
146 89
146 221
71 146
71 197
71 212
71 221
71 291
197 71
197 132
197 221
197 244
197 291
212 71
212 89
212 227
212 244
212 291
76 73
76 121
76 210
76 261
76 275
76 280
88 74
88 125
88 265
74 88
74 91
74 110
74 145
74 183
74 203
74 222
74 239
74 264
110 74
110 99
264 74
264 97
264 166
264 187
264 195
264 218
264 282
285 75
285 224
210 76
210 78
210 125
210 151
210 195
210 208
210 276
261 76
261 108
261 136
261 163
261 196
261 204
261 233
261 243
261 266
275 76
275 141
275 150
275 295
280 76
280 141
280 152
280 154
280 204
280 243
151 80
151 127
151 190
151 210
151 282
81 102
81 144
81 229
81 256
281 82
94 83
94 127
94 211
94 270
84 147
84 214
84 291
214 84
214 129
214 185
214 207
214 223
214 227
214 238
249 85
249 141
249 154
249 191
295 85
295 109
295 275
90 86
90 107
265 88
265 97
265 115
265 172
265 260
265 268
265 277
96 89
96 129
96 244
96 291
89 96
89 129
89 146
89 202
89 212
89 234
234 89
234 170
234 207
234 286
176 92
176 101
217 92
217 111
217 154
217 180
217 191
217 196
217 216
195 95
195 125
195 132
195 210
195 236
195 257
195 260
195 264
195 277
115 97
115 232
115 265
170 97
170 227
170 234
170 244
113 99
113 125
113 190
113 208
132 100
132 187
132 195
132 197
167 100
167 287
260 100
260 125
260 186
260 195
260 252
260 257
260 265
260 278
260 282
198 102
198 114
198 144
198 205
198 229
198 262
198 274
198 298
200 102
200 124
200 143
200 229
200 256
200 298
259 104
259 238
299 104
299 185
299 207
299 227
131 109
131 297
220 112
220 187
112 220
112 231
156 114
156 128
156 188
156 256
139 116
139 123
139 124
139 128
139 143
139 188
139 199
139 229
139 256
160 116
160 145
117 136
117 154
117 204
117 216
120 122
120 239
219 121
219 136
219 163
237 135
237 172
237 186
178 142
290 143
290 269
205 144
205 188
205 198
205 229
205 256
282 145
282 151
282 190
282 257
282 260
282 264
282 268
153 291
276 159
276 166
276 210
238 163
238 214
238 227
238 259
289 163
287 167
287 186
287 218
175 168
175 209
174 188
174 229
174 242
174 297
236 195
201 245
223 214
228 231
228 283
267 246
267 292
267 294
