72 75
72 224
1 92
1 67
1 118
92 1
92 2
92 12
92 16
92 20
92 21
92 26
92 105
92 152
92 183
92 191
92 209
92 219
92 252
92 266
92 281
92 293
92 296
266 39
266 92
266 101
266 150
297 82
297 120
297 152
297 183
39 18
39 101
39 170
39 266
39 280
2 11
2 92
2 133
2 150
2 223
2 261
154 32
154 166
154 172
154 186
154 236
248 24
248 149
248 218
248 263
66 30
66 51
66 164
66 178
66 260
3 119
3 147
3 181
3 276
79 77
79 23
79 69
79 78
79 95
79 100
79 151
79 160
79 188
79 218
99 91
99 95
99 147
99 260
99 283
7 57
7 80
7 130
7 142
7 285
4 225
4 117
4 170
4 191
4 251
4 267
4 285
31 20
31 85
31 249
37 48
37 142
37 170
37 225
45 28
45 33
45 134
45 193
45 285
53 142
53 48
53 75
53 159
86 205
86 262
86 269
140 138
140 173
140 285
142 53
142 103
142 7
142 37
142 220
142 247
142 294
142 300
213 11
213 48
213 170
213 171
213 193
215 5
215 75
215 171
215 194
224 48
224 72
224 75
224 156
224 173
224 235
224 250
225 4
225 22
225 37
225 193
225 254
250 52
250 68
250 138
250 173
250 224
250 257
263 23
263 95
263 164
263 248
292 22
292 65
292 68
292 93
292 253
48 138
48 254
48 21
48 37
48 53
48 61
48 71
48 75
48 83
48 98
48 103
48 130
48 145
48 171
48 173
48 178
48 189
48 193
48 213
48 224
48 235
48 251
48 253
48 272
48 285
48 299
5 10
5 215
5 251
5 272
5 285
194 59
194 215
102 128
102 229
102 139
102 174
102 202
102 218
102 288
102 290
6 271
6 127
6 156
6 202
6 205
6 229
6 245
123 165
123 288
123 290
124 29
124 127
124 156
124 300
188 139
188 79
188 81
188 127
188 155
188 219
269 62
269 86
269 242
271 6
271 19
271 114
271 164
271 174
271 229
271 291
274 63
274 105
274 192
274 245
10 46
10 61
10 5
10 71
10 178
61 10
61 22
61 48
61 75
61 251
83 48
83 52
83 59
83 173
98 48
98 77
98 171
98 247
98 285
138 48
138 130
138 140
138 250
193 106
193 28
193 45
193 48
193 71
193 75
193 103
193 165
193 213
193 225
193 251
193 265
240 64
240 130
240 178
270 22
270 73
270 209
270 280
40 151
40 283
8 112
145 160
145 48
145 51
145 147
145 257
145 276
166 56
166 58
166 112
166 154
166 257
182 17
182 21
58 51
58 69
58 95
58 116
58 153
58 166
58 241
58 260
9 105
108 232
108 260
133 2
133 20
133 36
133 282
136 41
136 85
136 118
136 163
136 180
136 226
136 295
296 92
46 10
46 22
60 69
60 95
60 97
60 278
75 28
75 44
75 48
75 53
75 61
75 65
75 72
75 134
75 171
75 173
75 178
75 193
75 215
75 224
75 272
82 11
82 21
82 38
82 85
82 149
82 152
82 196
82 201
82 204
82 259
82 297
100 79
100 164
100 181
100 268
106 22
106 193
169 130
169 170
169 212
169 267
183 38
183 92
183 293
183 297
206 173
206 178
206 219
246 20
246 178
246 212
253 48
253 255
253 292
255 71
255 235
255 253
272 5
272 28
272 48
272 59
272 75
272 212
288 102
288 114
288 123
288 128
288 262
288 290
41 136
41 161
11 2
11 21
11 26
11 82
11 118
11 163
11 213
11 219
11 265
11 285
11 295
129 34
129 42
129 84
129 234
129 273
150 141
150 2
150 20
150 26
150 35
150 36
150 38
150 131
150 163
150 176
150 266
168 21
168 17
168 20
168 52
168 111
168 118
168 120
168 122
168 152
168 180
168 201
168 217
168 280
35 21
35 101
35 150
35 161
35 162
35 217
12 92
12 152
12 280
36 21
36 91
36 118
36 133
36 150
36 216
36 257
67 1
67 18
67 26
67 85
67 101
67 176
67 179
67 191
67 212
73 270
111 152
111 168
111 252
111 265
202 6
202 29
202 102
202 114
202 128
202 143
202 156
202 157
202 174
202 198
202 229
245 6
245 42
245 105
245 120
245 146
245 175
245 185
245 192
245 214
245 221
245 238
245 252
245 259
245 274
245 284
245 286
56 160
56 166
56 227
13 153
13 164
13 257
13 293
57 7
57 218
57 220
57 236
57 241
91 27
91 36
91 99
91 116
91 291
268 29
268 50
268 100
268 147
268 153
268 190
192 14
192 34
192 84
192 87
192 89
192 96
192 125
192 146
192 197
192 244
192 245
192 274
192 286
192 289
14 192
14 286
14 34
14 105
14 146
14 184
221 146
221 185
221 96
221 105
221 245
227 27
227 56
227 88
227 181
227 236
227 244
227 282
273 105
273 129
273 234
284 76
284 105
284 234
284 245
284 264
284 286
286 14
286 234
286 105
286 192
286 245
286 284
291 91
291 116
291 271
291 276
26 11
26 17
26 18
26 21
26 67
26 92
26 120
26 150
26 174
26 180
26 281
15 38
15 126
15 176
15 230
128 29
128 102
128 229
128 202
128 288
16 92
16 120
16 261
25 152
25 176
25 219
17 18
17 20
17 21
17 26
17 118
17 120
17 131
17 168
17 182
17 196
17 252
17 261
38 15
38 21
38 82
38 150
38 183
38 265
121 80
171 48
171 68
171 75
171 98
171 186
171 213
171 215
184 14
184 32
184 34
184 105
184 146
184 185
184 235
184 259
230 15
230 20
18 17
18 26
18 39
18 49
18 67
18 118
85 20
85 21
85 31
85 67
85 82
85 120
85 136
85 159
85 162
85 170
152 12
152 20
152 21
152 25
152 82
152 92
152 94
152 101
152 107
152 110
152 111
152 120
152 131
152 168
152 219
152 243
152 265
152 293
152 297
105 9
105 14
105 63
105 76
105 92
105 96
105 125
105 146
105 175
105 184
105 221
105 245
105 259
105 273
105 274
105 284
105 286
19 155
19 174
19 242
19 271
199 139
199 229
199 238
199 256
258 27
258 155
258 174
20 17
20 21
20 31
20 85
20 92
20 126
20 133
20 150
20 152
20 168
20 226
20 230
20 244
20 246
20 265
122 168
122 176
122 201
298 23
298 95
298 127
298 139
21 36
21 168
21 180
21 11
21 17
21 20
21 26
21 35
21 38
21 48
21 82
21 85
21 92
21 96
21 101
21 109
21 118
21 141
21 152
21 162
21 164
21 182
21 201
21 216
21 219
21 234
21 249
21 295
21 299
180 21
180 26
180 136
180 168
180 283
209 92
209 270
226 20
226 136
226 147
226 159
22 106
22 46
22 61
22 225
22 270
22 292
93 204
93 292
294 142
294 235
23 78
23 79
23 236
23 263
23 298
125 87
125 105
125 192
125 234
181 3
181 95
181 100
181 135
181 227
181 236
181 283
190 164
190 233
190 236
190 268
233 80
233 190
233 236
233 276
126 15
126 20
126 55
126 90
126 118
126 260
126 265
24 167
24 248
135 181
135 282
232 30
232 108
232 287
278 179
278 60
278 64
278 153
278 159
278 164
278 222
101 163
101 21
101 35
101 39
101 67
101 94
101 152
101 204
101 219
101 266
101 293
101 295
141 150
141 21
141 90
141 204
216 21
216 36
235 48
235 103
235 134
235 184
235 224
235 255
235 294
118 1
118 11
118 17
118 18
118 21
118 33
118 36
118 126
118 136
118 161
118 168
118 219
118 223
118 293
163 101
163 11
163 136
163 150
163 217
163 218
204 82
204 93
204 101
204 141
204 162
54 51
54 110
54 149
54 160
54 186
27 91
27 164
27 227
27 236
27 258
95 58
95 60
95 79
95 99
95 151
95 153
95 181
95 220
95 263
95 276
95 298
186 54
186 110
186 148
186 154
186 171
186 179
208 218
208 257
208 279
222 77
222 80
222 115
222 147
222 203
222 278
252 17
252 92
252 111
252 245
252 249
283 30
283 40
283 50
283 62
283 99
283 149
283 153
283 180
283 181
283 231
283 260
52 83
52 168
52 178
52 250
52 254
52 280
28 45
28 75
28 170
28 173
28 193
28 272
130 138
130 169
130 7
130 48
130 189
130 240
251 4
251 5
251 48
251 61
251 117
251 173
251 193
251 228
251 247
104 32
104 88
104 116
104 279
104 287
29 128
29 81
29 124
29 174
29 202
29 268
143 229
143 81
143 116
143 127
143 202
144 156
157 113
157 202
229 102
229 128
229 139
229 143
229 199
229 205
229 6
229 70
229 76
229 202
229 257
229 271
262 86
262 288
30 66
30 69
30 116
30 132
30 170
30 232
30 283
247 98
247 134
247 142
247 178
247 251
44 65
44 71
44 75
44 285
68 171
68 250
68 292
103 142
103 48
103 65
103 193
103 212
103 235
103 300
107 120
107 152
65 44
65 47
65 75
65 103
65 170
65 292
32 104
32 154
32 184
32 287
78 23
78 79
78 218
116 30
116 58
116 62
116 91
116 104
116 143
116 147
116 149
116 218
116 276
116 291
164 279
164 13
164 21
164 27
164 51
164 64
164 66
164 74
164 100
164 153
164 174
164 179
164 190
164 218
164 236
164 239
164 244
164 257
164 263
164 264
164 271
164 278
187 239
33 45
33 118
161 35
161 41
161 118
34 14
34 129
34 184
34 192
34 259
147 3
147 62
147 77
147 99
147 116
147 145
147 167
147 195
147 218
147 222
147 226
147 228
147 236
147 257
147 260
147 264
147 268
185 221
185 184
185 245
185 260
185 289
207 42
207 63
244 20
244 164
244 192
244 227
244 236
243 152
172 239
172 134
172 148
172 154
172 218
257 282
257 13
257 36
257 69
257 145
257 147
257 164
257 166
257 177
257 208
257 229
257 236
257 239
257 250
62 116
62 147
62 151
62 220
62 260
62 269
62 283
293 13
293 92
293 101
293 118
293 152
293 183
293 196
114 198
114 202
114 271
114 288
42 96
42 129
42 146
42 207
42 234
42 245
42 289
256 199
119 3
119 160
119 287
127 6
127 47
127 124
127 143
127 188
127 298
277 153
277 236
279 164
279 50
279 80
279 104
279 208
211 203
211 218
173 28
173 48
173 71
173 75
173 83
173 140
173 170
173 178
173 189
173 206
173 212
173 224
173 250
173 251
47 65
47 70
47 81
47 127
47 198
47 200
242 174
242 19
242 269
254 48
254 52
254 178
254 225
49 18
109 21
109 63
191 4
191 67
191 92
97 51
97 60
97 88
97 237
50 132
50 158
50 268
50 279
50 283
159 53
159 85
159 148
159 226
159 231
159 278
51 54
51 58
51 66
51 97
51 145
51 164
51 195
51 218
51 260
51 287
189 48
189 59
189 130
189 173
148 77
148 159
148 172
148 186
55 126
55 275
80 7
80 88
80 113
80 121
80 222
80 228
80 233
80 276
80 279
203 195
203 211
203 218
203 222
137 69
137 153
137 160
137 218
137 239
137 282
196 17
196 82
196 223
196 293
59 83
59 170
59 189
59 194
59 272
241 57
241 58
241 282
300 103
300 124
300 142
87 63
87 84
87 125
87 178
87 192
63 87
63 96
63 105
63 109
63 207
63 274
64 164
64 240
64 278
69 30
69 58
69 60
69 79
69 90
69 137
69 257
77 79
77 98
77 147
77 148
77 222
77 264
77 276
134 45
134 75
134 172
134 235
134 247
177 257
179 278
179 67
179 112
179 164
179 186
218 51
218 57
218 78
218 79
218 88
218 102
218 112
218 116
218 137
218 147
218 151
218 158
218 163
218 164
218 172
218 203
218 208
218 211
218 220
218 248
239 172
239 137
239 153
239 164
239 187
239 236
239 257
70 47
70 139
70 198
70 229
149 54
149 82
149 116
149 158
149 248
149 260
149 276
149 283
155 19
155 174
155 188
155 258
155 280
165 123
165 139
165 193
165 198
231 132
231 159
231 283
162 21
162 35
162 85
162 204
146 221
146 14
146 42
146 105
146 175
146 184
146 192
146 234
146 238
146 245
71 10
71 44
71 48
71 173
71 193
71 255
197 192
212 67
212 103
212 169
212 173
212 246
212 272
76 105
76 175
76 214
76 229
76 284
88 80
88 97
88 104
88 112
88 218
88 227
74 264
74 132
74 164
110 54
110 152
110 186
264 74
264 77
264 147
264 153
264 158
264 164
264 260
264 284
285 4
285 5
285 7
285 11
285 44
285 45
285 48
285 98
285 117
285 140
285 170
210 90
261 2
261 16
261 17
261 120
261 280
275 55
280 12
280 39
280 52
280 155
280 168
280 261
280 270
280 299
151 40
151 62
151 79
151 95
151 112
151 115
151 218
151 276
81 29
81 47
81 143
81 188
81 198
281 26
281 92
94 101
94 152
94 259
84 87
84 129
84 192
84 234
84 238
214 76
214 175
214 245
214 259
249 21
249 31
249 252
295 11
295 21
295 101
295 120
295 136
90 69
90 126
90 141
90 210
265 11
265 20
265 38
265 111
265 126
265 152
265 193
96 21
96 42
96 63
96 105
96 192
96 221
89 234
89 192
234 89
234 286
234 21
234 42
234 84
234 125
234 129
234 146
234 273
234 284
176 15
176 25
176 67
176 122
176 150
217 35
217 163
217 168
195 51
195 147
195 153
195 203
115 151
115 153
115 222
115 260
170 4
170 28
170 30
170 37
170 39
170 59
170 65
170 85
170 169
170 173
170 213
170 285
113 80
113 157
113 282
132 30
132 50
132 74
132 231
167 24
167 147
260 282
260 51
260 58
260 62
260 66
260 99
260 108
260 115
260 126
260 147
260 149
260 185
260 228
260 264
260 276
260 283
198 114
198 47
198 70
198 81
198 165
198 174
198 202
200 47
259 34
259 82
259 94
259 105
259 184
259 214
259 245
299 21
299 48
299 280
131 17
131 150
131 152
220 57
220 62
220 95
220 142
220 218
220 276
112 8
112 88
112 151
112 166
112 179
112 218
156 6
156 124
156 144
156 202
156 205
156 224
139 188
139 199
139 229
139 70
139 102
139 165
139 298
160 145
160 54
160 56
160 79
160 119
160 137
117 4
117 251
117 285
120 16
120 17
120 26
120 85
120 107
120 152
120 168
120 223
120 245
120 261
120 295
120 297
219 11
219 21
219 25
219 92
219 101
219 118
219 152
219 188
219 206
237 97
237 276
178 10
178 48
178 52
178 66
178 75
178 87
178 173
178 206
178 240
178 246
178 247
178 254
290 102
290 123
290 288
205 229
205 6
205 86
205 156
205 174
282 257
282 260
282 113
282 133
282 135
282 137
282 227
282 236
282 241
153 13
153 58
153 95
153 115
153 137
153 164
153 195
153 236
153 239
153 264
153 268
153 277
153 278
153 283
153 287
276 3
276 77
276 80
276 95
276 116
276 145
276 149
276 151
276 220
276 233
276 236
276 237
276 260
276 291
238 84
238 146
238 199
238 245
289 42
289 185
289 192
287 32
287 51
287 104
287 119
287 153
287 232
287 236
175 76
175 105
175 146
175 214
175 245
174 242
174 19
174 26
174 29
174 102
174 155
174 164
174 198
174 202
174 205
174 258
174 271
236 23
236 27
236 57
236 147
236 153
236 154
236 164
236 181
236 190
236 227
236 233
236 239
236 244
236 257
236 276
236 277
236 282
236 287
201 21
201 82
201 122
201 168
223 2
223 118
223 120
223 196
228 80
228 147
228 251
228 260
267 4
267 169
158 50
158 149
158 218
158 264
