72 52
72 60
72 65
72 134
72 178
72 240
72 300
1 55
1 141
1 39
1 61
1 111
92 2
92 20
92 35
92 39
266 39
266 21
266 70
266 82
297 141
297 237
39 2
39 266
39 1
39 16
39 17
39 25
39 41
39 85
39 92
39 120
39 131
39 147
39 149
39 163
39 182
39 193
39 209
39 214
39 217
39 223
39 243
39 253
39 261
39 294
2 39
2 92
2 61
2 128
2 176
2 219
154 73
154 85
154 45
154 133
154 171
248 30
248 50
248 80
248 148
248 164
248 222
248 277
66 32
66 50
66 221
66 276
66 283
3 51
3 187
3 195
3 233
3 282
79 69
79 74
79 88
79 125
79 167
79 190
79 228
79 282
99 88
99 58
99 284
7 138
7 130
7 28
7 52
4 285
4 65
4 75
31 53
31 65
31 142
31 240
31 265
31 267
37 28
37 107
37 169
37 224
45 154
45 215
45 240
53 31
53 46
53 80
53 224
53 246
53 251
86 298
140 35
140 52
140 265
140 286
142 178
142 173
142 31
142 65
142 90
142 98
142 138
142 169
142 215
142 240
142 265
213 109
215 10
215 45
215 138
215 142
224 251
224 173
224 37
224 46
224 53
224 60
224 65
224 240
224 246
225 134
225 212
225 272
250 5
250 59
250 103
250 240
250 255
263 22
263 65
263 138
263 229
263 265
292 240
292 134
292 231
48 193
48 11
48 296
5 169
5 250
194 105
194 123
194 143
194 144
102 114
102 51
102 77
102 165
102 287
6 12
6 198
6 298
123 11
123 12
123 19
123 105
123 143
123 194
123 200
123 298
124 139
124 29
124 19
124 105
124 114
124 242
124 298
188 19
188 229
188 155
188 114
188 298
269 114
269 229
269 155
269 116
269 271
271 105
271 139
271 143
271 200
271 220
271 269
271 287
274 14
274 89
274 104
274 291
10 44
10 215
10 103
10 172
10 216
10 240
10 265
61 1
61 2
61 17
61 21
61 25
61 49
61 55
61 82
61 95
61 122
61 131
61 195
61 219
61 261
61 295
83 52
83 65
83 103
83 169
83 267
98 142
98 175
138 7
138 28
138 109
138 142
138 178
138 215
138 240
138 263
138 287
193 48
193 39
193 111
193 150
193 261
240 292
240 178
240 169
240 10
240 28
240 31
240 45
240 52
240 68
240 72
240 138
240 142
240 173
240 206
240 224
240 250
240 256
240 265
240 286
240 294
270 28
270 216
40 237
40 276
8 32
8 71
8 100
8 127
8 232
8 276
145 25
166 64
166 127
166 164
182 39
182 293
182 296
58 69
58 116
58 84
58 99
58 276
9 89
9 259
9 71
9 273
108 133
133 20
133 108
133 131
133 154
136 16
136 20
136 67
136 168
136 183
136 217
296 15
296 48
296 111
296 182
296 226
46 65
46 265
46 52
46 53
46 100
46 185
46 224
46 246
46 264
60 254
60 72
60 224
60 251
60 300
75 4
82 18
82 61
82 223
82 264
82 266
100 32
100 239
100 8
100 28
100 46
100 205
100 220
106 88
106 158
106 236
169 267
169 240
169 5
169 29
169 37
169 51
169 83
169 142
169 246
183 38
183 11
183 15
183 17
183 18
183 131
183 136
183 209
183 217
206 103
206 240
246 44
246 46
246 52
246 53
246 65
246 107
246 169
246 224
246 285
253 39
253 67
253 176
255 147
255 170
255 250
255 273
272 225
272 264
288 290
288 105
288 116
288 139
288 143
288 165
41 21
41 39
41 88
41 163
11 38
11 48
11 55
11 123
11 162
11 183
11 217
129 63
129 71
129 101
129 197
129 278
129 291
150 14
150 33
150 62
150 67
150 191
150 193
150 219
150 247
168 101
168 136
168 223
168 235
35 36
35 70
35 92
35 118
35 140
35 152
12 6
12 26
12 29
12 114
12 123
12 143
12 144
12 156
12 198
12 205
12 229
12 298
36 49
36 120
36 275
36 35
36 111
36 180
36 199
36 261
67 101
67 55
67 120
67 136
67 150
67 195
67 253
73 154
73 62
73 94
73 120
73 201
73 299
111 1
111 36
111 135
111 193
111 280
111 296
202 114
202 174
202 105
202 144
202 165
202 290
245 42
245 146
245 147
245 295
13 153
13 24
13 69
13 88
13 115
13 282
57 54
57 88
57 151
91 63
91 115
91 195
91 228
91 283
268 32
268 88
268 236
192 157
192 175
14 273
14 96
14 150
14 274
221 29
221 66
221 81
221 156
221 229
221 298
273 14
273 9
273 255
284 99
286 109
286 140
286 159
286 211
286 240
286 267
286 283
286 285
286 300
291 129
291 147
291 274
291 278
26 12
26 85
26 107
26 149
15 171
15 183
15 296
128 256
128 2
128 298
16 120
16 39
16 70
16 85
16 136
16 137
16 214
25 17
25 39
25 49
25 61
25 76
25 120
25 135
25 145
17 25
17 39
17 61
17 163
17 183
17 214
17 247
38 183
38 11
38 107
38 130
38 161
38 163
38 235
38 238
38 249
121 21
121 118
171 15
171 154
184 34
184 175
184 201
184 212
184 289
230 101
18 62
18 82
18 114
18 131
18 183
18 235
18 275
85 21
85 154
85 16
85 26
85 39
85 49
85 55
85 117
85 131
85 180
85 280
152 35
152 62
152 130
152 135
152 204
152 249
105 114
105 123
105 124
105 155
105 165
105 174
105 194
105 202
105 271
105 288
19 188
19 155
19 298
19 123
19 124
199 242
199 29
199 36
199 114
199 130
199 143
199 165
199 287
258 114
258 139
258 156
258 290
20 92
20 133
20 136
122 120
122 61
122 275
122 280
298 114
298 200
298 19
298 144
298 242
298 6
298 12
298 86
298 123
298 124
298 128
298 156
298 188
298 221
298 256
21 85
21 41
21 61
21 70
21 121
21 131
21 147
21 163
21 266
180 36
180 85
209 39
209 62
209 76
209 101
209 183
226 296
22 263
22 52
22 65
22 88
294 39
294 240
294 265
23 116
23 239
125 44
125 74
125 79
125 208
181 95
181 110
181 176
181 187
190 110
190 79
190 208
233 3
233 74
233 187
233 203
233 218
126 203
24 13
24 32
24 97
24 127
24 279
135 25
135 111
135 152
232 8
232 74
232 159
232 195
278 84
278 129
278 289
278 291
101 67
101 76
101 129
101 168
101 191
101 209
101 230
101 280
141 1
141 196
141 297
216 10
216 28
216 143
216 270
235 18
235 38
235 64
235 147
235 168
118 35
118 121
163 17
163 21
163 38
163 39
163 41
204 152
204 249
54 160
54 57
54 64
54 80
54 97
54 164
27 164
27 51
27 148
95 181
95 276
95 30
95 61
95 71
95 110
95 156
95 282
186 88
186 160
186 282
208 125
208 127
208 190
222 64
222 148
222 248
252 32
283 66
283 91
283 151
283 286
52 28
52 83
52 7
52 22
52 46
52 62
52 72
52 140
52 175
52 240
52 246
52 256
52 267
28 52
28 7
28 37
28 65
28 100
28 117
28 138
28 211
28 216
28 240
28 270
28 285
130 7
130 38
130 44
130 90
130 103
130 152
130 199
251 224
251 53
251 60
104 147
104 274
29 229
29 124
29 12
29 114
29 169
29 199
29 221
29 287
29 290
143 200
143 229
143 81
143 114
143 12
143 77
143 123
143 156
143 194
143 199
143 216
143 271
143 288
144 81
144 198
144 205
144 156
144 298
144 12
144 110
144 194
144 202
144 267
157 198
157 192
229 29
229 143
229 188
229 200
229 262
229 269
229 12
229 44
229 114
229 155
229 221
229 236
229 263
262 229
262 205
262 156
30 74
30 95
30 110
30 127
30 151
30 248
247 17
247 76
247 150
44 10
44 125
44 130
44 229
44 246
44 265
68 285
68 211
68 240
103 10
103 83
103 130
103 206
103 250
103 265
107 26
107 37
107 38
107 88
107 246
107 261
65 46
65 4
65 22
65 28
65 31
65 59
65 72
65 83
65 90
65 142
65 149
65 189
65 224
65 246
65 263
65 265
32 100
32 8
32 24
32 51
32 64
32 66
32 88
32 110
32 148
32 220
32 252
32 268
78 174
78 69
78 110
78 158
78 236
116 58
116 276
116 23
116 88
116 115
116 156
116 159
116 172
116 236
116 269
116 282
116 288
164 27
164 179
164 239
164 54
164 115
164 117
164 131
164 160
164 166
164 248
164 282
187 132
187 3
187 153
187 181
187 233
33 150
161 49
161 38
161 88
34 207
34 184
34 42
34 175
34 201
34 234
147 21
147 39
147 96
147 104
147 201
147 234
147 235
147 245
147 255
147 291
185 46
185 189
207 34
207 234
207 197
244 195
243 39
243 94
243 249
172 10
172 88
172 116
172 153
172 159
172 228
172 231
172 260
257 88
257 203
257 279
257 295
62 18
62 52
62 73
62 97
62 150
62 152
62 196
62 209
62 261
62 299
293 131
293 182
114 102
114 156
114 256
114 269
114 298
114 202
114 143
114 174
114 12
114 18
114 29
114 105
114 124
114 188
114 199
114 229
114 242
114 258
42 96
42 245
42 289
42 87
42 34
42 63
42 71
42 84
42 170
42 175
42 197
42 259
256 114
256 128
256 52
256 240
256 298
43 167
43 236
119 50
119 151
119 210
127 8
127 24
127 30
127 69
127 112
127 160
127 166
127 208
277 228
277 248
279 24
279 151
279 236
279 237
279 257
211 28
211 68
211 110
211 286
173 224
173 142
173 240
47 200
47 156
242 199
242 298
242 114
242 124
242 165
254 60
254 74
254 236
49 161
49 36
49 25
49 61
49 76
49 85
109 90
109 138
109 178
109 201
109 213
109 217
109 286
191 101
191 150
97 24
97 54
97 62
50 66
50 119
50 248
159 116
159 172
159 195
159 232
159 286
51 3
51 27
51 32
51 102
51 169
189 265
189 65
189 71
189 185
189 300
148 27
148 32
148 222
148 236
148 248
55 1
55 11
55 61
55 67
55 85
55 94
80 53
80 54
80 248
203 88
203 126
203 233
203 257
137 160
137 239
137 16
137 81
137 88
137 151
196 62
196 131
196 141
59 65
59 250
241 167
300 60
300 72
300 112
300 155
300 189
300 201
300 286
87 42
87 146
87 170
87 259
63 129
63 42
63 89
63 91
63 170
63 175
63 234
64 166
64 32
64 54
64 110
64 222
64 235
64 239
69 58
69 79
69 13
69 78
69 127
69 239
77 102
77 143
134 225
134 72
134 292
177 228
177 231
179 164
218 201
218 233
239 137
239 164
239 100
239 23
239 64
239 69
239 195
239 231
70 16
70 21
70 35
70 238
70 266
149 26
149 39
149 65
155 19
155 174
155 188
155 269
155 105
155 156
155 200
155 229
155 300
165 81
165 102
165 105
165 199
165 202
165 242
165 288
231 132
231 113
231 172
231 177
231 237
231 239
231 292
162 11
162 295
146 245
146 87
71 8
71 9
71 42
71 90
71 95
71 129
71 170
71 175
71 189
197 207
197 42
197 129
212 184
212 220
212 225
76 25
76 49
76 94
76 101
76 209
76 247
88 99
88 195
88 228
88 13
88 22
88 32
88 41
88 57
88 79
88 106
88 107
88 110
88 116
88 137
88 153
88 161
88 172
88 186
88 203
88 236
88 257
88 268
88 276
88 282
74 30
74 79
74 125
74 232
74 233
74 254
110 190
110 30
110 32
110 64
110 78
110 88
110 95
110 144
110 181
110 200
110 211
110 236
110 276
264 46
264 82
264 272
285 4
285 68
285 28
285 219
285 246
285 275
285 286
210 119
261 36
261 39
261 61
261 62
261 107
261 193
261 299
275 36
275 18
275 122
275 285
280 85
280 101
280 111
280 122
151 30
151 57
151 119
151 137
151 279
151 283
81 144
81 143
81 137
81 165
81 221
94 55
94 73
94 76
94 214
94 243
84 42
84 58
84 278
214 16
214 17
214 39
214 94
249 38
249 152
249 204
249 243
295 61
295 131
295 162
295 223
295 245
295 257
90 109
90 65
90 71
90 130
90 142
90 265
90 267
265 46
265 189
265 10
265 31
265 44
265 65
265 90
265 103
265 140
265 142
265 178
265 240
265 263
265 294
96 42
96 14
96 147
96 201
89 234
89 9
89 63
89 274
234 89
234 207
234 34
234 63
234 147
234 201
176 2
176 181
176 253
217 11
217 39
217 109
217 136
217 183
195 88
195 3
195 61
195 67
195 91
195 159
195 232
195 239
195 244
195 276
115 13
115 91
115 116
115 164
170 42
170 63
170 71
170 87
170 255
113 231
113 276
132 187
132 231
167 43
167 79
167 241
260 172
198 144
198 174
198 157
198 6
198 12
200 143
200 229
200 298
200 47
200 110
200 123
200 155
200 271
200 290
259 9
259 42
259 87
299 62
299 73
299 261
131 18
131 21
131 39
131 61
131 85
131 133
131 164
131 183
131 196
131 223
131 238
131 293
131 295
220 32
220 100
220 212
220 236
220 271
112 127
112 300
156 114
156 144
156 205
156 12
156 47
156 95
156 116
156 143
156 155
156 221
156 258
156 262
156 298
139 124
139 258
139 271
139 288
139 290
160 54
160 137
160 127
160 164
160 186
160 236
117 28
117 85
117 164
117 219
120 122
120 16
120 36
120 25
120 39
120 67
120 73
120 238
219 2
219 61
219 117
219 150
219 285
237 40
237 231
237 236
237 279
237 297
178 142
178 240
178 72
178 109
178 138
178 265
290 288
290 29
290 139
290 174
290 200
290 202
290 258
205 144
205 156
205 262
205 12
205 100
282 3
282 13
282 79
282 88
282 95
282 116
282 164
282 186
153 13
153 88
153 172
153 187
276 95
276 116
276 8
276 40
276 58
276 66
276 88
276 110
276 113
276 158
276 195
238 38
238 70
238 120
238 131
289 42
289 184
289 278
287 29
287 102
287 138
287 199
287 271
175 184
175 34
175 42
175 52
175 63
175 71
175 98
175 192
174 155
174 198
174 202
174 78
174 114
174 105
174 290
236 43
236 78
236 88
236 106
236 110
236 116
236 148
236 160
236 220
236 229
236 237
236 254
236 268
236 279
201 34
201 73
201 96
201 109
201 147
201 184
201 218
201 234
201 300
223 39
223 82
223 131
223 168
223 295
228 88
228 79
228 91
228 172
228 177
228 277
267 169
267 31
267 52
267 83
267 90
267 144
267 286
158 78
158 106
158 276
