1
0.0
0.0
0.043069510534517935
0.0
0.0025385964430909925

2
0.003560179289270528
0.0021215670550931306
0.04429240762474545
0.0
0.0

3
0.0
0.023336384070613087
0.0
0.0
0.030474310273611912

4
0.0
0.0
0.0
0.04912482172674944
0.0

5
0.0
0.0
0.0
0.022021471808542838
0.0

6
0.059464347701364176
0.0
0.0
0.0
0.017716933718980407

7
0.0
0.004163936275066994
0.0
0.03721763703524151
0.0

8
0.0
0.017494228085039087
0.002237718941988356
0.0
0.04182474062393585

9
0.005644301994559161
0.0
0.01308828255578001
0.00994522368120665
0.01828668375693628

10
0.0
0.0
0.0
0.06775837479551647
0.0

11
0.00347705753260762
0.0
0.05667628622550266
0.004906961647812618
0.010362875588145167

12
0.043199018277755734
0.0
0.03589898292345793
0.0
0.016374824055508552

13
0.0
0.02709638220040215
0.0
0.0
0.01116757022806239

14
0.0059911156049398135
0.0
0.010337665209880264
0.02283627102797203
0.012390629684863444

15
0.003430055461931482
0.002210980298317324
0.017591357398806143
0.0
0.0

16
0.0
0.0021470143086494255
0.03325905687207659
0.0
0.0

17
0.0
0.0
0.06227579932347923
0.0
0.0

18
0.0034780378698070847
0.0
0.04664590701185163
0.0
0.0

19
0.08463198607835491
0.0
0.0
0.0
0.0

20
0.004090905155112493
0.004735524670752221
0.0630015106605041
0.0032325622595287067
0.004991055702129089

21
0.0
0.00263291584948303
0.09718547546036367
0.0034236051670435406
0.0

22
0.0
0.0022084959786305737
0.0
0.03713792107755686
0.0

23
0.004350712181959331
0.016562555384955643
0.0
0.002526582169750797
0.05654116888442974

24
0.0
0.022726404019559956
0.004280981315257119
0.0
0.0

25
0.0
0.0
0.05782752794323071
0.0
0.0

26
0.0037830072596887637
0.0
0.046445541483443945
0.0
0.0

27
0.0
0.029453039775416027
0.0
0.0
0.018565021623502275

28
0.0
0.0
0.0
0.05111979573480386
0.0032853467148449634

29
0.09478782440775751
0.0
0.0
0.0
0.0

30
0.0
0.02925142084107425
0.0
0.003022172627011777
0.011829597007521096

31
0.0
0.0
0.019009149875455805
0.027871123166998572
0.0

32
0.0
0.0452236242823118
0.0
0.0
0.015826440198108194

33
0.0
0.0
0.026689628281491098
0.0
0.0

34
0.0
0.0
0.0
0.023700998624115
0.020010582304419534

35
0.0
0.0
0.06227579932347923
0.0
0.0

36
0.0036187101014461035
0.003074657644578465
0.05878986307623949
0.0
0.0

37
0.0
0.0
0.0
0.023715431178430748
0.0

38
0.0
0.0
0.06005166363335497
0.0
0.0

39
0.0
0.0002465279727695566
0.06112908180878292
0.004448667161207677
0.023049910070918347

40
0.0
0.016315571700609113
0.0
0.0
0.020172164927040104

41
0.0
0.0022277303684725856
0.037619841417329554
0.0
0.0

42
0.010802844487200692
0.0
0.0
0.03530662242040326
0.007855634145305358

43
0.0
0.01390547341759806
0.0
0.0
0.02086938087917459

44
0.004250720368302116
0.0
0.0
0.03514008893921606
0.0

45
0.0
0.0
0.0047004423163302615
0.02723482789735479
0.0032322242069930517

46
0.0
0.0
0.0
0.03557314676764613
0.0

47
0.07786142719208651
0.0
0.0
0.0
0.0

48
0.0
0.0
0.01305511325817786
0.05103942479507236
0.0

49
0.0
0.0
0.03336203535186387
0.0
0.0

50
0.0
0.01990620174815518
0.0
0.0
0.02516703964154374

51
0.0016794826812223575
0.030183117167059674
0.0
0.0021287349662054743
0.07406559698923652

52
0.0038277243912348317
0.0
0.007091455745010373
0.03503259349154653
0.0

53
0.0
0.004150140802394484
0.0
0.032147147281908775
0.0

54
0.0
0.03029555377389303
0.0
0.0
0.008934007939638751

55
0.0
0.0021674763194918407
0.05992650671014304
0.0
0.0

56
0.0
0.01259737143617963
0.0
0.0
0.05537875721795062

57
0.0
0.025947899760211106
0.0
0.0
0.05335678003617324

58
0.0
0.02759774066965172
0.023246075800989502
0.0
0.016377210266440435

59
0.0
0.0
0.0
0.020327512438654927
0.0

60
1.2438596477556276e-06
0.010504307547032283
0.0016584307797578948
0.01589594338029509
0.01898186010039295

61
0.0
0.006109915689906848
0.030959397500612783
0.03574715558457378
0.0

62
0.003699055306005553
0.013867937602563543
0.03369359995650797
0.0
0.0

63
0.0
0.0022599516639008137
0.0
0.03201356557744593
0.0

64
0.0
0.01884070754711599
0.0
0.0062405475803429655
0.024508790768459052

65
0.004587128469230933
0.008835165860108034
0.0
0.04292383464713554
0.0

66
0.0
0.04095263125264306
0.0
0.004957784227619072
0.012448933138659564

67
0.0
0.004607572935262228
0.05728172535603813
0.0
0.0

68
0.0
0.0
0.0
0.023715431178430748
0.0

69
0.00864860775975257
0.032236291078439255
0.0
0.009715838831260717
0.0

70
0.013831013350580514
0.0
0.02427503058893335
0.0
0.0

71
0.0
0.004409158809208328
0.0
0.03046726480209954
0.0314249515105954

72
0.0
0.0
0.0027240853670072278
0.03858029087960192
0.0

73
0.0038760445061294954
0.0
0.05490006468805726
0.0
0.00467952415341206

74
0.0
0.03672637512886946
0.0
0.0
0.004403647442296061

75
0.0
0.0
0.0
0.05081878109663735
0.0

76
0.009435306339275713
0.0
0.03630507538270001
0.004894888809228987
0.0

77
0.009698375440811232
0.03212996529182182
0.0
0.0
0.013892875546598755

78
0.039353641810873995
0.016760182315222777
0.0
0.0
0.0048237767861537975

79
0.0037784399695410535
0.042900810632712345
0.0
0.0
0.0039037771044768965

80
0.0
0.029943622563490556
0.0
0.0
0.013614535657357827

81
0.06432030941954972
0.0
0.0
0.0
0.0

82
0.001006067975192183
0.0019647102973876307
0.04072819846393396
0.004122132801953716
0.0

83
0.0
0.0
0.0
0.044042943617085696
0.0

84
0.0
0.004209901548099361
0.0
0.017148174254098824
0.0032971867028892413

85
0.0
0.0029738112682157593
0.0774796456945983
0.0012110680509568486
0.0

86
0.015355500590645919
0.0
0.0
0.0308817953081986
0.04088597604338785

87
0.0
0.0
0.0
0.021531494923804195
0.017136874714975336

88
0.0
0.06828461882949469
0.0
0.0
0.034851015740290155

89
0.004461257183465053
0.0
0.0
0.01754021707115853
0.02528068211734881

90
0.0
0.005619498009819023
0.019442583747138788
0.014432237365365067
0.0

91
0.0
0.024378865120106036
0.005880278400201376
0.0018746489121422795
0.017455413583155305

92
0.007917589046815509
0.0
0.07264287655429695
0.0
0.0

93
0.0
0.0
0.0023396406889517295
0.016851622098989105
0.0

94
0.0037790855155332877
0.0
0.015912590757426147
0.02157164244163809
0.007969500646231099

95
0.006984290997824616
0.04213324580988892
0.0
0.0
0.033577166513546336

96
0.0
0.0
0.001203683788889244
0.02279800531489836
0.011987503455448878

97
0.0
0.031056166580696237
0.0
0.0
0.02742961713765577

98
0.0
0.00211286275728531
0.0
0.021971233315139796
0.0

99
0.0
0.022168131595015253
0.0
0.0
0.07270201285778298

100
0.0035316652139262697
0.03097242474124959
0.0
0.006899841468675551
0.023132120571331766

101
0.0
0.0
0.059827090593890346
0.017110634344517074
0.0

102
0.10163821075648753
0.0038232215280924135
0.01582084626927097
0.0
0.0

103
0.0
0.0
0.0
0.03557314676764613
0.0

104
0.009004466531075825
0.013957827801675817
0.007869146223005262
0.0
0.0

105
0.07672188859165137
0.0
0.0
0.02259168532325609
0.0

106
0.0
0.006760039676358609
0.0
0.036768476607214516
0.0

107
0.0037336760677055586
0.002149220798103489
0.03890804630211869
0.019236858848684934
0.0

108
0.0
0.004200878264490971
0.048825992387709946
0.0
0.0

109
0.0
0.0
0.030668409576441822
0.00882737266308752
0.0

110
0.007606646637886016
0.03179334786297242
0.0
0.0
0.02500755472748188

111
0.0
0.0
0.040034442422236645
0.0
0.0

112
0.0
0.020520055323526173
0.0
0.0
0.0

113
0.0035741865483157895
0.014157775043130903
0.0
0.0
0.012164577866136358

114
0.1320258982822337
0.0
0.0
0.0
0.0

115
0.0
0.022132048273627608
0.0
0.0
0.016837949789535255

116
0.01893769729708814
0.047780531343742196
0.0026192328638379924
0.0031792838929938076
0.004261378076840743

117
0.0
0.002151440308770743
0.01411531908603899
0.01118879425512612
0.0

118
0.0
0.004278926478804478
0.05541380425779293
0.0
0.0

119
0.0038633216679351797
0.017725137534490145
0.0
0.0
0.020858826157942264

120
0.0
0.002137281162523397
0.05551096337337373
0.0
0.0

121
0.0
0.004237216196428309
0.028769385078429167
0.0
0.0

122
0.0
0.0
0.0422585781123609
0.0
0.0

123
0.08124670663522071
0.0
0.0
0.0
0.0

124
0.07447614774895231
0.0
0.0
0.0
0.0

125
0.007514227859179014
0.021677754640855206
0.0
0.008706102775018144
0.02827337601795194

126
0.0
0.02459357725241385
0.0
0.0
0.008049980036198298

127
0.03844944268419535
0.027993799665528396
0.0
0.0
0.0

128
0.07566063353653671
0.0
0.0
0.0
0.014583303079793409

129
0.0
0.0
0.0
0.038961065507421955
0.0

130
0.0034882646617030682
0.0
0.006931566168515886
0.026854434879197333
0.0

131
0.0
0.0021772270475723695
0.04879525960267036
0.0
0.0

132
0.0
0.017295499370604664
0.0
0.0
0.014268911676041744

133
0.0
0.0021357299695243734
0.06440918744693597
0.0
0.0

134
0.0
0.0021742716884204883
0.0
0.02192053938052258
0.0

135
0.0
0.009552969074281317
0.006632126489696891
0.0
0.08135518817741147

136
0.0
0.0
0.06672407070372774
0.0
0.0

137
0.0063346364543973455
0.0319599065112453
0.0
0.0
0.02218917927435431

138
0.0
0.0
0.0
0.03215940116491954
0.004056222706919447

139
0.08454995799255653
0.0
0.0
0.0
0.00808742647802331

140
0.0
0.002188135545079893
0.002393655827117383
0.023473943013466572
0.0

141
0.0
0.0
0.0422585781123609
0.0
0.0

142
0.0
0.0
0.0
0.052512740466525265
0.0

143
0.09817310385089172
0.0
0.0
0.0
0.0

144
0.10494366273716012
0.0
0.0
0.0
0.0

145
0.0
0.018097507352973715
0.002739317041869149
0.0017769282968488483
0.047544027875597555

146
0.0
0.0
0.0
0.02718711089121915
0.01178836987668187

147
0.0
0.042266430937447856
0.00735507096711339
0.01887271422987261
0.007807873335738709

148
0.0
0.022561984411884155
0.0
0.0
0.0639445542301039

149
0.0
0.01635139412403733
0.017394453123831383
0.00035697835613590244
0.0

150
0.0
0.0
0.07866018363757053
0.006154781448880414
0.0

151
0.0
0.03860270746791441
0.0
0.0
0.016731613081624876

152
0.0
0.00517874196761498
0.07445572997792121
0.0
0.0

153
0.0
0.03972685925643557
0.0
0.0
0.02652878548191817

154
0.0
0.010623383513931115
0.06633023515782846
0.0
0.0

155
0.07786142719208652
0.0
0.0
0.0
0.0

156
0.10832894218029433
0.0
0.0
0.0
0.0

157
0.07768243526268834
0.0
0.0
0.0
0.00021124636215024849

158
0.0
0.014557853259010767
0.0
0.0
0.019599180263698397

159
0.0
0.0369360995823471
0.0
0.0
0.0

160
0.0
0.028735468983375645
0.0
0.0
0.01996215072504488

161
0.0
0.0022104953800061704
0.01990352180028537
0.0
0.003890967598387882

162
0.0
0.0
0.025937130600628872
0.0
0.0053470516657108825

163
0.0
0.002072755766517535
0.06447744416956969
0.0
0.0

164
0.0
0.072036002997271
0.0
0.0
0.0075704304128343825

165
0.036259476303778654
0.0
0.0
0.004124221353156387
0.035376101868201976

166
0.0
0.028314215172167312
0.0
0.0
0.020782342914168667

167
0.0
0.011570760164187824
0.0
0.0
0.07735413844565422

168
0.0
0.0
0.06227579932347923
0.0
0.0

169
0.003664543755751821
0.0
0.0
0.03712736511851909
0.0

170
0.0
0.0056644306346354
0.0
0.030897079770097754
0.0

171
0.0
0.0023166383923844468
0.012079388826724583
0.01599095689538096
0.0

172
0.0
0.035547091048668766
0.0
0.0026119392266637878
0.01652055718935952

173
0.0
0.0
0.0
0.04912482172674944
0.0

174
0.09465862931949942
0.002130317837233699
0.0
0.0
0.0

175
0.0
0.0
0.006357626378469847
0.025649135679371785
0.0

176
0.0
0.0
0.037810306732112386
0.0
0.0

177
0.0
0.00796083147406683
0.0
0.0
0.016462520454219035

178
0.0
0.0
0.0
0.0321852280278703
0.0

179
0.0
0.015856481117610597
0.0
0.0
0.025061334746162546

180
0.0
0.0
0.03558617104198813
0.0
0.0

181
0.0
0.02249896843638456
0.003339716992081766
0.0
0.03409612327015008

182
0.0
0.0
0.03336203535186387
0.0
0.0

183
0.0
0.005543933428150214
0.03913765895835488
0.016433931098544793
0.0

184
0.0
0.0023340803484296177
0.006377510370560806
0.027095094165672084
0.0

185
0.0
0.0021002073255283007
0.0
0.015548507139222026
0.031154273067840056

186
0.0
0.043583909296971916
0.0
0.0
0.027009625055714144

187
0.0
0.020033936985169545
0.0
0.0
0.020923027348286865

188
0.10832894218029432
0.0
0.0
0.0
0.0

189
0.0
0.0
0.0
0.02879730928809448
0.0

190
0.0
0.02042463039241416
0.0
0.0
0.04413418773882552

191
0.0
0.0
0.018692246588125717
0.0027030943734076976
0.0

192
0.0
0.0
0.0
0.03361104565470048
0.004627737410402108

193
0.0
0.0
0.008001720673706372
0.04641842267348923
0.0

194
0.01412119065770332
0.0
0.0
0.017924340408884954
0.008978736722619375

195
0.0
0.044778592849720446
0.0
0.0
0.03267416182053339

196
0.0
0.0
0.04893098518273368
0.0
0.0

197
0.0
0.0
0.0
0.010490090553069712
0.05116932998688571

198
0.09140254496462331
0.0
0.0
0.0
0.0

199
0.07109086830581811
0.0
0.0
0.0
0.0

200
0.06770558886268391
0.0
0.0
0.0
0.0

201
0.0
0.0028361531353296547
0.018782177688810124
0.012151031883373114
0.0

202
0.06355908261681639
0.0
0.0
0.0
0.01687963402542063

203
0.0
0.026845522209196657
0.0
0.0
0.003665384301403862

204
0.0
0.0
0.03336203535186387
0.0
0.0

205
0.06770558886268391
0.0
0.0
0.0
0.0

206
0.0
0.0
0.0031147828944487863
0.014567294341134737
0.0

207
0.0
0.0
0.0026827480681637958
0.015268542437311797
0.05505646334639752

208
0.0
0.02018825310170566
0.0
0.0
0.004641336050437717

209
0.0
0.0
0.037810306732112386
0.0
0.0

210
0.0
0.01399448729206709
0.002692638510343866
0.0
0.027845094116106688

211
0.0
0.009646959723688266
0.0
0.022527567996738322
0.0

212
0.0
0.0013266305058029846
0.0020096058383683242
0.015219822311899275
0.03781634839915817

213
0.0
0.0
0.016861021370582426
0.01764947790600597
0.0

214
0.0
0.0
0.013862342543716093
0.013388313396734873
0.023427491042990956

215
0.0
0.0
0.0
0.05420669983641318
0.0

216
0.0034030176855601823
0.0
0.025626818675124546
0.0041885060378997994
0.0

217
0.0
0.0
0.04893098518273368
0.0
0.0

218
0.0
0.06029722189232798
0.0
0.0
0.030426144274486713

219
0.0068831834045680294
0.0
0.04885699063813521
0.0
0.0

220
3.562860314715873e-05
0.023067819845281765
0.0
0.0029523144099942978
0.027987254387334282

221
0.019804958968329102
0.0
0.0
0.029050865661826283
0.0

222
0.0
0.02677960075645515
0.0
0.0
0.015779660431083118

223
0.0
0.0
0.037810306732112386
0.0
0.0

224
0.006885826925571997
0.0
0.0
0.040597345923915645
0.0

225
0.004278183668505927
0.0
0.0
0.05037198091237232
0.0

226
0.0
0.003335864856243444
0.03197048094406917
0.0
0.0

227
0.0
0.01939789009930342
0.0
0.00554766174119629
0.06101593208712217

228
0.0
0.022017650868900132
0.0
0.0021691115706113087
0.06787901832809086

229
0.16604687611306435
0.004002065783082819
0.0
0.0
0.0

230
0.0
0.0
0.03336203535186387
0.0
0.0

231
0.0
0.02563560324689218
0.0
0.001816910547783155
0.02171237395736685

232
0.0
0.02214506807178236
0.0
0.0
0.012817291456340316

233
0.0
0.024410763146267497
0.0023757045344930394
0.0
0.036100813514843344

234
0.0
0.0
0.0
0.03726710613753404
0.0

235
0.0022198192491915012
0.0
0.017584087118374538
0.017681956713763037
0.0

236
0.002151972121401634
0.06719246706906297
0.0
0.0
0.010465854566843128

237
0.0
0.016306217157554072
0.002254439212377942
0.0
0.02013594297603182

238
0.004031582282169108
0.0
0.023047181337141617
0.007532656718769742
0.0

239
0.0
0.042897891386512205
0.0
0.0
0.028345319871493052

240
0.006917569313518338
0.0
0.0
0.059215015424904156
0.0

241
0.0
0.009208356468627405
0.0
0.005191619464251151
0.013774724853688669

242
0.05754975053328132
0.0
0.0
0.0
0.0

243
0.0
0.0
0.037810306732112386
0.0
0.0

244
0.0
0.010378994323162544
0.0
0.005456269575076955
0.05082435305376513

245
0.008190679039634484
0.0
0.010625926688459453
0.030557024231767947
0.023029478961106898

246
0.0
0.0
0.0
0.04234898424719778
0.0

247
0.0
0.0
0.004621308493859757
0.025277600999128097
0.0

248
0.0
0.03505807363801251
0.0
0.0
0.02363310786513832

249
0.0
0.0
0.03336203535186387
0.0
0.0

250
0.0
0.0020656039951397116
0.0
0.03217400230596503
0.0

251
0.0
0.0
0.0
0.03352853323390399
0.004822348082616397

252
0.0
0.00829285714083228
0.010060117908128328
0.0045369609255608324
0.019006408328829272

253
0.0
0.0
0.007803062477562421
0.01946637598478312
0.0

254
0.0
0.004554881424325082
0.003038191364331421
0.02920164312084347
0.004696791604180845

255
0.0
0.0
0.0
0.022084948068458943
0.003845595741861419

256
0.10494366273716012
0.0
0.0
0.0
0.0

257
0.001407809311395672
0.048906531196147504
0.0
0.0
0.02697076909735856

258
0.03755691509827098
0.0021026391565581574
0.0
0.0
0.019501660669971645

259
0.009093626580649317
0.0
0.00796363741395879
0.015587092156472516
0.022100632639122535

260
0.0
0.054376035379170094
0.0
0.0
0.02597361551307251

261
0.0
0.0
0.04893098518273368
0.0
0.0

262
0.057549750533281326
0.0
0.0
0.0
0.0

263
0.008307365657968068
0.008073490353373573
0.00540701169594237
0.05427473134600884
0.004556131599612905

264
0.0
0.03165446845130407
0.0
0.004153909945709686
0.008476836101320467

265
0.0
0.01776530950668233
0.009604934200007274
0.039001658201217586
0.0

266
0.0
0.0
0.04448271380248516
0.0
0.0

267
0.0034616039026430473
0.0
0.0
0.023677239195905093
0.0

268
0.0
0.041801754616748336
0.0
0.0
0.04246545217067183

269
0.09478782440775751
0.0
0.0
0.0
0.0

270
0.0
0.0
0.009641880068193096
0.014175479266613906
0.02915230559848753

271
0.06269916149463745
0.005086678689804464
0.0
0.0
0.0

272
0.0
0.0
0.0
0.03896555477488573
0.015970645566218845

273
0.0
0.0
0.0
0.016586238385267727
0.04078649492285131

274
0.08302144840537624
0.0
0.0
0.004265868078449906
0.0038253677150020433

275
0.0
0.0
0.03558617104198813
0.0
0.0

276
0.0
0.05950816043822588
0.0
0.0
0.0

277
0.0
0.015699463911703935
0.0
0.0
0.025367051353148904

278
0.0
0.029791033094573118
0.0
0.005825268165220601
0.0241442250372112

279
0.0
0.025904989876109452
0.0
0.0
0.03346378447476019

280
0.0037503398531211676
0.0
0.04424286834790972
0.0
0.0

281
0.0
0.0
0.031137899661739615
0.0
0.0

282
0.0
0.049223404708627426
0.0
0.0
0.012034071531775088

283
0.0
0.03807193662273111
0.014337834388024566
0.0
0.0

284
0.0
0.0039413822036152716
0.0
0.011028841734601742
0.010262210034458714

285
0.0
0.0
0.00602707017444195
0.04284048954808854
0.0

286
0.0
0.005014087177846798
0.0
0.031165507847696537
0.004628439864395688

287
0.017379530542907883
0.01823375235925556
0.0
0.0017312195403509788
0.03579129063828542

288
0.04642409525282956
0.0
0.0
0.012343002118408044
0.0

289
0.0
4.786853415217403e-06
0.002351036970807135
0.013267667621861077
0.008423187611500698

290
0.04425533366007437
0.0
1.7501834096569713e-05
0.006639061010709927
0.0

291
0.006950275375652537
0.01142561040139592
0.0018636980875201936
0.01105457937681513
0.08795698012050074

292
0.0
0.0
0.0
0.06606441542562856
0.0

293
0.0
0.00434540404660608
0.035324529083461995
0.0
0.0

294
0.0
0.0
0.0037672096125472305
0.029316023576972047
0.0

295
0.0
0.0021402207322635696
0.03993882739028863
0.0
0.0

296
0.0
2.3974160667595596e-06
0.03145162587149284
0.0031469976290355983
0.0

297
0.0037575548331956815
0.0
0.053134670851374265
0.0
0.0

298
0.09478641792286613
8.525484607020979e-07
0.0
0.0
0.0

299
0.0
0.0
0.024460696048423554
0.0
0.015989850014261113

300
0.006908881920858393
0.002366075796949013
0.0
0.02169298695835136
0.0

