# Max Likelihood=  -27017.942708507566  N_real= 1
1
0.0
0.0
2.0337797881880766
0.00048057978662250126
0.10856149598636389

2
0.1430318070268643
0.09856625639874245
2.092155272479146
0.0
0.0

3
0.0
1.0837172061986118
0.0
0.0
1.303462304621687

4
0.0
0.0
0.0
2.51197383486158
0.0

5
0.0
0.0
0.0
1.12605723631726
0.0

6
2.388684550413433
0.0
0.0
0.0
0.7592111014198012

7
0.0
0.19340882090953945
0.0
1.903106281377499
0.0

8
0.0
0.8126045816959712
0.10569834295501737
0.0
1.788351415706705

9
0.2347762996981353
0.0
0.6178070966886704
0.45500120433820546
0.8782497518285133

10
0.0
0.0
0.0
3.4647914963608
0.0

11
0.13960097068223512
0.0
2.677124902991133
0.25066978033690857
0.4437080947757901

12
1.7346754529544368
0.0
1.696691352245637
0.0
0.7005091137451442

13
0.0
1.2583259899987616
0.0
0.0
0.47799160148338254

14
0.24795199175577493
0.0
0.4886410047825447
1.168450347738401
0.5188279512358183

15
0.137861543188694
0.10269940047240676
0.8309179330548746
0.0
0.0

16
0.0
0.09955683486677479
1.5711645373998995
0.0
0.0

17
0.0
0.0
2.941572123821921
0.0
0.0

18
0.13903723408543986
0.0
2.2038815504625084
0.0
0.0

19
3.4015403160540076
0.0
0.0
0.0
0.0

20
0.16443726223528937
0.2199329749749758
2.975940432950563
0.1653124747645102
0.21326158067206427

21
0.0
0.12230272319688519
4.591107293610808
0.1745707262521348
0.0

22
0.0
0.1025723635552322
0.0
1.8990380464586973
0.0

23
0.1754102613771791
0.7683556391162296
0.0
0.12934199121839737
2.4183854357156562

24
0.0
1.0556195553886192
0.20220191122996412
0.0
0.0

25
0.0
0.0
2.7314598292632124
0.0
0.0

26
0.15205489131133387
0.0
2.193830332575268
0.0
0.0

27
0.0
1.3680681237045629
0.0
0.0
0.793801010389476

28
0.0
0.0
0.0
2.613894710413935
0.1406583037254609

29
3.657394058980378
0.10670997214071823
0.0
0.0
0.0

30
0.0
1.359167499869001
0.0
0.15493904678280518
0.5041756646920439

31
0.0
0.0
0.8979722143182743
1.4251080984546596
0.0

32
0.0
2.1005996318876927
0.0
0.0
0.6766865907310862

33
0.0
0.0
1.260673767352252
0.0
0.0

34
0.0
0.0
0.0
1.2116104912365269
0.8562828418033701

35
0.0
0.0
2.941572123821921
0.0
0.0

36
0.1467477263742994
0.139235546698419
2.7798525394350952
0.0
0.0

37
0.0
0.0
0.0
1.21267702372628
0.0

38
0.0
0.0
2.8365159765425667
0.0
0.0

39
0.0
0.007119172707810259
2.8876327035480833
0.22905379377340032
0.9898884653411911

40
0.0
0.7562286792721268
0.0
0.0
0.8654267928517401

41
0.0
0.10349241904657645
1.7769389411156735
0.0
0.0

42
0.4338800504979328
0.0
0.0
1.807914697949348
0.3313030500665761

43
0.0
0.6456146743627609
0.0
0.0
0.892851846650736

44
0.1712382869279158
0.0
0.0
1.796621298234597
0.0

45
0.0
0.0
0.22201893738138923
1.3926305192488166
0.1382324910264528

46
0.0
0.0
0.0
1.81901553558942
0.0

47
3.129417090769687
0.0
0.0
0.0
0.0

48
0.0
0.0
0.6181570808388828
2.6086359849477736
0.0

49
0.0
0.0
1.5758422091903148
0.0
0.0

50
0.0
0.9246945321809491
0.0
0.0
1.0759817260780986

51
0.06716924938264195
1.4079857720534064
0.0
0.10899313380485295
3.156330022910978

52
0.15386365869687674
0.0
0.3349760678215891
1.7913507901308923
0.0

53
0.0
0.19276816897679558
0.0
1.6438291392545057
0.0

54
0.0
1.407148630105568
0.0
0.0
0.3820826383079858

55
0.0
0.1006746163640293
2.8306062604355215
0.0
0.0

56
0.0
0.5849838880387479
0.0
0.0
2.368211484112784

57
0.0
1.2126889896000694
0.0
0.0
2.2681486161750253

58
0.0
1.2818521560020915
1.1009679839514452
0.0
0.6955278371342412

59
0.0
0.0
0.0
1.03943744890824
0.0

60
1.0870934751727693e-05
0.48795219107403026
0.07806707695430565
0.8115784041258103
0.8145308800841996

61
0.0
0.28385173514105916
1.4622782637716583
1.827927138252814
0.0

62
0.14868714387238527
0.6441764599897374
1.5914607724694758
0.0
0.0

63
0.0
0.0005513499642010632
0.0
1.7318946850958645
0.0

64
0.0
0.8769833655632676
0.0
0.31909691878080604
1.044666392141177

65
0.18442523121668028
0.4104738997456043
0.0
2.1947684102071965
0.0

66
0.0
1.903387594747599
0.0
0.25642757235239144
0.5244237264632527

67
0.0
0.2140376773590039
2.705654903343219
0.0
0.0

68
0.0
0.0
0.0
1.21267702372628
0.0

69
0.347615184559783
1.4973721088554002
0.0
0.496773943690726
0.0

70
0.5558976460543009
0.0
1.14662147718474
0.0
0.0

71
0.0
0.20471651449920344
0.0
1.5613164927697494
1.3371708642079734

72
0.0
0.0
0.12930766627004184
1.9722595035465567
0.0

73
0.15290099913959623
0.0
2.5927759733936715
0.0
0.2043760437415571

74
0.0
1.7055425216215476
0.0
0.0
0.18892292551743842

75
0.0
0.0
0.0
2.5985936222706
0.0

76
0.3806170628166874
0.0
1.7125876443429788
0.2512814908912605
0.0

77
0.38986698322351754
1.4922173080620957
3.0977264493173514e-07
0.0
0.5942790476837244

78
1.5869922296337236
0.7753675107427074
0.0
0.0
0.20521852695315837

79
0.15192853655805316
1.9926598743893855
0.0
0.0
0.16688863720699007

80
0.0
1.3908247066049788
0.0
0.0
0.5821769800784429

81
2.5851706402010457
0.0
0.0
0.0
0.0

82
0.0467328379106465
0.09142325118192184
1.9201125084834496
0.2096484231756221
0.0

83
0.0
0.0
0.0
2.25211447263452
0.0

84
0.0
0.19534490264478713
0.0
0.9485291220109278
0.0

85
0.0
0.1372679991540656
3.6596060161309536
0.06280412808826957
0.0

86
0.6159945399609275
0.0
0.0
1.5790629073011677
1.7498482914728952

87
0.0
0.0
0.0
1.1035379976247859
0.727757066717793

88
0.0
3.171513618709077
0.0
0.0
1.4905893435897188

89
0.19043419604048617
0.0
0.0
0.8944220743329316
1.07191696137592

90
0.0
0.26106767317042984
0.9182785981031479
0.7380098362462454
0.0

91
0.0
1.2422700794405668
0.2801588041792675
0.0
0.7345360949013123

92
0.3236143954873027
0.0
3.4270954014073114
0.0
0.0

93
0.0
0.0
0.11051175516283498
0.8616996737726359
0.0

94
0.1514291042687384
0.0
0.7495816608830514
1.105054497993686
0.3407266444382385

95
0.28133742471448786
1.9571461992057357
0.0
0.0
1.434746320628025

96
0.0
0.0
0.05605756369264288
1.172383435084421
0.5008192756162415

97
0.0
1.4421424825443454
0.0
0.0
1.1735401736288502

98
0.0
0.09813894534808017
0.0
1.1234890199863636
0.0

99
0.0
1.0300431445831104
0.0
0.0
3.1080246852516917

100
0.1419064862127173
1.436041181042616
0.0
0.35279453258562965
0.9938458678546283

101
0.0
0.0
2.826300826256327
0.8746203621507271
0.0

102
4.083656687968298
0.17798857788758224
0.7479260117824365
0.0
0.0

103
0.0
0.0
0.0
1.81901553558942
0.0

104
0.3722277762181001
0.6419357484103028
0.37076845132295316
0.0
0.0

105
3.0674349476604297
0.0
0.010569483916261328
1.1568017797289623
0.0

106
0.0
0.31397792750479847
0.0
1.8801536875896725
0.0

107
0.15007605630374402
0.09982813982080702
1.838329561157776
0.9832284735832195
0.0

108
0.0
0.19514169574280343
2.3062578970893246
0.0
0.0

109
0.0
0.0
1.448611062143485
0.4513824341597075
0.0

110
0.30500241918614884
1.476983179434135
0.0
0.0
1.0698104767554262

111
0.0
0.0
1.8910106510283777
0.0
0.0

112
0.0
0.9531298186004344
0.0
0.0
0.0

113
0.14414823936842533
0.6548245219029742
0.0
0.0
0.5245192824849807

114
5.306402893044248
0.0
0.0
0.0
0.0

115
0.0
1.0280044508505053
0.0
0.0
0.7199765285708571

116
0.7611706226566303
2.218062145345997
0.12373479536908304
0.1637844550351073
0.18205933519117323

117
0.0
0.09993634733546243
0.6667613617010144
0.5721045021155552
0.0

118
0.0
0.1987768572881372
2.617419580779252
0.0
0.0

119
0.15496998823123598
0.8231311944281119
0.0
0.0
0.8926078576447358

120
0.0
0.09929898908346363
2.622010213709672
0.0
0.0

121
0.0
0.19681400856455472
1.358909310157116
0.0
0.0

122
0.0
0.0
1.996066798307732
0.0
0.0

123
3.265477683326566
0.0
7.876301583557643e-07
0.0
0.0

124
2.9933554781275267
0.0
0.0
0.0
0.0

125
0.28714663224009535
1.0143685205593773
0.0
0.4523775208325444
1.2000395127431396

126
0.0
1.1432474538272195
0.0
0.0
0.3425828606288726

127
1.5467565974664157
1.299300835048784
0.0
0.0
0.0

128
3.042267139695527
0.0
0.0
0.0
0.6219311256626767

129
0.0
0.0
0.0
1.99225511040746
0.0

130
0.1401967710257665
0.0
0.32741715179645825
1.3731848893611338
0.0

131
0.0
0.10114341460518045
2.3048088039015187
0.0
0.0

132
0.0
0.8035297693074139
0.0
0.0
0.6098099898696342

133
0.0
0.09921293329978897
3.0423296554789268
0.0
0.0

134
0.0
0.10151036036033517
0.0
1.1204251010329316
0.0

135
0.0
0.44314150166162225
0.31330403624923503
0.0
3.4796562985184414

136
0.0
0.0
3.1516844183806296
0.0
0.0

137
0.2730630127348385
1.4856106977844705
0.0
0.0
0.9236133143958231

138
0.0
0.0
0.0
1.6444478414920385
0.1734552578546837

139
3.398236782985189
0.0
0.0
0.0
0.3458195904345583

140
0.0
0.101627848622929
0.11305469054819552
1.2003432413082593
0.0

141
0.0
0.0
1.996066798307732
0.0
0.0

142
0.0
0.0
0.0
2.68521340967962
0.0

143
3.945786766622649
0.0
0.0
0.0
0.0

144
4.217909991906969
0.0
0.0
0.0
0.0

145
0.0
0.8405769357991345
0.12931736741181232
0.0909543462510588
2.032929786256021

146
0.0
0.0
0.0
1.391138644764225
0.5022084432771453

147
0.0
1.9649043037199558
0.3480065123167272
0.9584776360720068
0.34283269516165066

148
0.0
1.0497511441676894
0.0
0.0
2.7310289614499466

149
0.0
0.7597347277518773
0.8213423065176328
0.018270360343627112
0.0

150
0.0
0.0
3.71552065310642
0.3146897764751936
0.0

151
0.0
1.7930289007299371
0.0
0.0
0.7154586964473097

152
0.0
0.2405598909157623
3.5168706915485117
0.0
0.0

153
0.0
1.845871153133273
0.0
0.0
1.1332535935685653

154
0.0
0.493484236081744
3.133035549658449
0.0
0.0

155
3.129417090769687
0.0
0.0
0.0
0.0

156
4.353971604549129
0.0
0.0
0.0
0.0

157
2.9010351846267386
0.0
0.0
0.12160463200315325
0.04691640716049838

158
0.0
0.6754804143613041
0.0
0.0
0.8393214700499936

159
0.0
1.6529998457138344
0.0
0.0
0.11226282651875642

160
0.0
1.3347610791144084
0.0
0.0
0.8534994689060127

161
0.0
0.10267377662311564
0.9401357736831526
0.0
0.16637426301692643

162
0.0
0.0
1.2244986046187918
0.0
0.22966170942861744

163
0.0
0.09629330328278486
3.0455477384208494
0.0
0.0

164
0.0
3.3459686329660214
0.0
0.0
0.32372250271112707

165
1.4572971316121501
0.0
0.0
0.21088204063836458
1.5127279163342382

166
0.0
1.3170020152719597
0.0
0.0
0.8853302347135656

167
0.0
0.5374304660851233
0.0
0.0
3.307624057072282

168
0.0
0.0
2.941572123821921
0.0
0.0

169
0.147322760226962
0.0
0.0
1.89846623106402
0.0

170
0.0
0.266762791642303
0.0
1.5765833311849564
0.0

171
0.0
0.10760458864965615
0.5705146081915292
0.8177315904591951
0.0

172
0.0
1.6509991014318801
0.0
0.13370261542190767
0.706333286739203

173
0.0
0.0
0.0
2.51197383486158
0.0

174
3.804770869386647
0.0987835245682517
0.0
0.0
0.0

175
0.0
0.0
0.2997499155465659
1.3120095319433316
0.0

176
0.0
0.0
1.7859545037490234
0.0
0.0

177
0.0
0.369534919606983
0.0
0.0
0.7043446805135953

178
0.0
0.0
0.0
1.64577596077138
0.0

179
0.0
0.7361716074351161
0.0
0.0
1.0722123077310783

180
0.0
0.0
1.6808983564696691
0.0
0.0

181
0.0
1.0449738151889676
0.15775501590896795
0.0
1.4580448938000687

182
0.0
2.8909325427382786e-07
1.5758418905451224
0.0
0.0

183
0.0
0.25741311571923714
1.8486700204232336
0.8404124167068461
0.0

184
0.0
0.10842640477367246
0.3004213447779073
1.3861583303528762
0.0

185
0.0
0.09755651767997461
0.0
0.7964864055446055
1.3293183250146763

186
0.0
2.02427755739657
0.0
0.0
1.155155532701801

187
0.0
0.9305147529557206
0.0
0.0
0.8947138778967069

188
4.353971604549129
0.0
0.0
0.0
0.0

189
0.0
0.0
0.0
1.47253638595334
0.0

190
0.0
0.9489874010755524
0.0
0.0
1.886619354681297

191
0.0
0.0
0.8830265570330061
0.1381341231577573
0.0

192
0.23210953966623443
0.0
0.0
1.5676159529728655
0.2043913504465277

193
0.0
0.0
0.3782081992713223
2.373377171005101
0.0

194
0.567899305478616
0.0
0.0
0.9163532957566597
0.3838906060002528

195
0.0
2.0774749421562535
0.0
0.0
1.4014780275676275

196
0.0
0.0
2.311235240145795
0.0
0.0

197
0.0
0.0
0.0
0.5376696691396239
2.185462619667094

198
3.6736635413383283
0.0
0.0
0.0
0.0

199
2.8572938654853663
0.0
0.0
0.0
0.0

200
2.721232252843206
0.0
0.0
0.0
0.0

201
0.0
0.1315757370072575
0.8870779917441524
0.6215570569736749
0.0

202
2.5520170592472557
0.0
0.0
0.0
0.7249703827322863

203
0.0
1.2467918738795776
0.0
0.0
0.15699322512750677

204
0.0
0.0
1.5758422091903148
0.0
0.0

205
2.721232252843206
0.0
0.0
0.0
0.0

206
0.0
0.0
0.14710829188278152
0.7449056955839096
0.0

207
0.0
0.0
0.12705855936935825
0.7866829823171364
2.3419106389519473

208
0.0
0.9393823937251434
0.0
0.0
0.19547630981376568

209
0.0
0.0
1.7859545037490234
0.0
0.0

210
0.0
0.6489788674048926
0.12722550582017012
0.0
1.192443272666598

211
0.0
0.44809239403068074
0.0
1.1519328638710051
0.0

212
0.0
0.061501876316218285
0.09495393862281139
0.7797080687497723
1.6142960285807646

213
0.0
0.0
0.7963626998461768
0.9025475926410189
0.0

214
0.0
0.0
0.6593869227619432
0.666182242444364
1.0305849305098542

215
0.0
0.0
0.0
2.77183319708864
0.0

216
0.13676840002901777
0.0
1.210476174361679
0.21417800892631056
0.0

217
0.0
0.0
2.311235240145795
0.0
0.0

218
0.0
2.801778727228053
0.0
0.0
1.2991107099980357

219
0.27657767041848147
0.0
2.307795865622924
0.0
0.0

220
0.002265565504732572
1.0709569610433944
0.0
0.15083769495693078
1.1968349911265328

221
0.795492998038313
0.0
0.0
1.4858269339557906
0.0

222
0.0
1.2422446080447787
0.0
0.0
0.677651219710013

223
0.0
0.0
1.7859545037490234
0.0
0.0

224
0.2760879050466247
0.0
0.0
2.076350896288887
0.0

225
0.17215451336843127
0.0
0.0
2.5756160951990466
0.0

226
0.0
0.15495283820860883
1.5101057962694113
0.0
0.0

227
0.0
0.9013496505106777
0.0
0.2813505159047903
2.612961273296321

228
0.0
1.0220057583139146
0.0
0.11166343418738847
2.902202427138397

229
6.789869103839735
0.10456783434726966
0.0
0.0
0.0

230
0.0
0.0
1.5758422091903148
0.0
0.0

231
0.0
1.1907098850100035
0.0
0.09290691450119719
0.9284564618311658

232
0.0
1.0286091267570392
0.0
0.0
0.5480568526091544

233
0.0
1.133877399598174
0.11221772430783857
0.0
1.5435828439555772

234
0.0
0.0
0.0
1.90563532299844
0.0

235
0.142601789837768
0.0
0.8327121983855157
0.8684134678644749
0.0

236
0.016998335894666528
3.1703399297161647
0.0
0.0
0.44633505267171997

237
0.0
0.7577114242006133
0.10648794036250778
0.0
0.8604408750361071

238
0.16197956430500152
0.0
1.0881018669191853
0.38564659411994295
0.0

239
0.0
1.9924838947114545
0.0
0.0
1.2121414549369174

240
0.2780476047388674
0.0
0.0
3.0279209702619023
0.0

241
0.0
0.4276968517722284
0.0
0.2655009836279584
0.5889704458290519

242
2.313047414916725
0.0
0.0
0.0
0.0

243
0.0
0.0
1.7859545037490234
0.0
0.0

244
0.0
0.48182414992251305
0.0
0.2790108874783946
2.17366828359967

245
0.34502705322949284
0.0
0.5009733154353657
1.5530533285335575
0.9850424303835635

246
0.0
0.0
0.0
2.1654946852255
0.0

247
0.0
0.0
0.21847385848205386
1.2924026225684837
0.0

248
0.0
1.6283180586371908
0.0
0.0
1.0106810283861871

249
0.0
0.0
1.5758422091903148
0.0
0.0

250
0.0
0.09594427203972154
0.0
1.6452022485646063
0.0

251
0.0
0.0
0.0
1.7144228499887162
0.20628292285420327

252
0.0
0.38523401677427116
0.4751393104779349
0.23202358441429013
0.812642161021617

253
0.0
0.0
0.3686956898374273
0.9953037264905897
0.0

254
0.0
0.21183363408402953
0.14306986469322622
1.493615766797363
0.20027042531718664

255
0.0
0.0
0.0
1.1292249269638144
0.1645883967851512

256
4.217909991906969
0.0
0.0
0.0
0.0

257
0.0
2.3711085572644284
0.0
0.0
1.0460146040600193

258
1.5093659648418023
0.09777711349416711
0.0
0.0
0.8338316955941103

259
0.36027691389848077
0.0
0.373171099842557
0.8076087052851103
0.9355635920668508

260
0.0
2.524210744952829
0.0
0.0
1.1132709942434227

261
0.0
0.0
2.311235240145795
0.0
0.0

262
2.313047414916725
0.0
0.0
0.0
0.0

263
0.33024891258120675
0.37779951883442314
0.25543043982390184
2.7750511424321727
0.1948382532153605

264
0.0
1.4701078620192143
0.0
0.21256942197362105
0.36250415209550163

265
0.0
0.8251298607900901
0.4536558271556675
1.9943964389959201
0.0

266
0.0
0.0
2.1011229455870866
0.0
0.0

267
0.13912883579343716
0.0
0.0
1.2107243626329682
0.0

268
0.1427251402341336
1.8235746599685903
0.0
0.0
1.8481940238383183

269
3.8097251539804886
0.0
0.0
0.0
0.0

270
0.0
0.0
0.45550652146940235
0.7251146429937078
1.2458933302361659

271
2.5167559576125154
0.23855136511651734
0.0
0.0
0.0

272
0.0
0.0
0.0
1.9941484892251506
0.6796092821418833

273
0.0
0.0
0.0
0.8536158355224269
1.7331736716341504

274
3.2150239914904595
0.0
0.0
0.2977746925206655
0.15940715678239573

275
0.0
0.0
1.6808983564696691
0.0
0.0

276
0.0
2.764076473941258
0.0
0.0
0.0

277
0.0
0.7316221610885345
0.0
0.0
1.0803665867233034

278
0.0
1.384933557774073
0.0
0.29666089421215247
1.032661885643342

279
0.0
1.203265586912419
0.0
0.0
1.4308594421572811

280
0.1507346853701002
0.0
2.089793545180807
0.0
0.0

281
0.0
0.0
1.4707860619109605
0.0
0.0

282
0.0
2.2865072420845545
0.0
0.0
0.5143077388054091

283
0.0
1.7680103546636916
0.6776622557245113
0.0
0.0

284
0.0
0.18307210706438243
0.0
0.5633348656055782
0.44002497590387796

285
0.0
0.0
0.28464644567227665
2.1906603598447036
0.0

286
0.0
0.233889911838838
0.0
1.5927668748467239
0.19783815657827852

287
0.7214594361846975
0.8404882509464142
0.0
0.08795015314230432
1.5142895183303915

288
1.8708821792422026
0.0
0.0
0.6279711735070257
0.0

289
0.0
2.3971729747054473e-05
0.11107080706003952
0.6808967718308656
0.35563645895740004

290
1.7785243072829908
0.0
0.0007597806944586488
0.33966261127959224
0.0

291
0.2861811170544073
0.5308745394312951
0.08795878716456976
0.5104714327557162
3.8602721908056155

292
0.0
0.0
0.0
3.37817170895178
0.0

293
0.0
0.2018384501354181
1.6685396976466091
0.0
0.0

294
0.0
0.0
0.177797521905304
1.4991802217487424
0.0

295
0.0
0.09940662739731616
1.8864985413442568
0.0
0.0

296
0.0
0.0
1.474306020837569
0.17033733537934687
0.0

297
0.150223562277163
0.0
2.510412783618387
0.0
0.0

298
3.809430992768173
0.00020606386877902372
0.0
0.0
0.0

299
0.0
0.0
1.1552822359242598
0.0
0.6838888796597018

300
0.2776805501081123
0.10988074058857966
0.0
1.1092802425311576
0.0

