a= 0
0.6184653235789472
0.0
0.0
0.0
0.0

0.0
0.9446244558092449
0.0
0.0
1.3513632184786322e-05

0.0
0.0
0.6233170601903946
0.0
0.0

0.0
0.0
0.0
0.9927065286707607
0.0

0.0
5.5443363880521635e-06
0.0
0.0
0.35751273956569846


a= 1
0.4441489577833303
0.0
0.0
0.0
0.0

0.0
1.5002252330487915
0.0
0.0
0.0

0.0
0.0
0.5916322014559477
0.0
0.0

0.0
0.0
0.0
1.0003558138466218
0.0

0.0
0.0
0.0
0.0
0.0


a= 2
0.4410361833937854
0.0
0.0
0.0
0.0

0.0
0.055682664692969494
0.0
0.0
0.0

0.0
0.0
0.647579652900245
0.0
0.0

0.0
0.0
0.0
0.7885303369106891
0.0

0.0
0.0
0.0
0.0
1.5127902540274485


a= 3
0.647830117763914
0.0
0.0
0.0
0.0

0.0
1.1243331383217743
0.0
0.0
0.0

0.0
0.0
0.5866720703465584
0.0
0.0

0.0
0.0
0.0
0.8753458564227298
0.0

0.0
0.0
0.0
0.0
1.5119385322871631e-06


